timestamp,vehicle_id,engine_rpm,coolant_temp_c,fault_code
2026-06-28 18:08:12.276160,VIN-100001,2100,90,NONE
2026-06-28 18:08:12.276184,VIN-100002,2100,90,NONE
2026-06-28 18:08:12.276326,VIN-100003,2100,90,NONE
2026-06-28 18:08:12.276444,VIN-100004,2100,90,NONE
2026-06-28 18:08:12.276491,VIN-100005,2100,90,NONE
2026-06-28 18:08:12.276649,VIN-100006,2100,90,NONE
2026-06-28 18:08:12.277537,VIN-100007,2100,90,NONE
2026-06-28 18:08:12.278158,VIN-100008,2100,90,NONE
2026-06-28 18:08:12.278293,VIN-100009,2100,90,NONE
2026-06-28 18:08:12.278376,VIN-100010,2100,90,NONE
2026-06-28 18:08:12.278468,VIN-100011,2100,90,NONE
2026-06-28 18:08:12.278499,VIN-100012,2100,90,NONE
2026-06-28 18:08:12.278722,VIN-100013,2100,90,NONE
2026-06-28 18:08:12.278827,VIN-100014,2100,90,NONE
2026-06-28 18:08:12.278832,VIN-100015,2100,90,NONE
2026-06-28 18:08:12.278836,VIN-100016,2100,90,NONE
2026-06-28 18:08:12.278839,VIN-100017,2100,90,NONE
2026-06-28 18:08:12.278842,VIN-100018,2100,90,NONE
2026-06-28 18:08:12.278845,VIN-100019,2100,90,NONE
2026-06-28 18:08:12.278849,VIN-100020,2100,90,NONE
2026-06-28 18:08:12.278853,VIN-100021,2100,90,NONE
2026-06-28 18:08:12.278856,VIN-100022,2100,90,NONE
2026-06-28 18:08:12.278858,VIN-100023,2100,90,NONE
2026-06-28 18:08:12.278861,VIN-100024,2100,90,NONE
2026-06-28 18:08:12.278940,VIN-100025,2100,90,NONE
2026-06-28 18:08:12.278956,VIN-100026,2100,90,NONE
2026-06-28 18:08:12.278959,VIN-100027,2100,90,NONE
2026-06-28 18:08:12.278961,VIN-100028,2100,90,NONE
2026-06-28 18:08:12.278964,VIN-100029,2100,90,NONE
2026-06-28 18:08:12.278966,VIN-100030,2100,90,NONE
2026-06-28 18:08:12.278969,VIN-100031,2100,90,NONE
2026-06-28 18:08:12.278971,VIN-100032,2100,90,NONE
2026-06-28 18:08:12.278974,VIN-100033,2100,90,NONE
2026-06-28 18:08:12.278976,VIN-100034,2100,90,NONE
2026-06-28 18:08:12.278979,VIN-100035,2100,90,NONE
2026-06-28 18:08:12.278981,VIN-100036,2100,90,NONE
2026-06-28 18:08:12.278984,VIN-100037,2100,90,NONE
2026-06-28 18:08:12.278986,VIN-100038,2100,90,NONE
2026-06-28 18:08:12.278988,VIN-100039,2100,90,NONE
2026-06-28 18:08:12.278991,VIN-100040,2100,90,NONE
2026-06-28 18:08:12.278993,VIN-100041,2100,90,NONE
2026-06-28 18:08:12.278995,VIN-100042,2100,90,NONE
2026-06-28 18:08:12.278998,VIN-100043,2100,90,NONE
2026-06-28 18:08:12.279000,VIN-100044,2100,90,NONE
2026-06-28 18:08:12.279003,VIN-100045,2100,90,NONE
2026-06-28 18:08:12.279005,VIN-100046,2100,90,NONE
2026-06-28 18:08:12.279008,VIN-100047,2100,90,NONE
2026-06-28 18:08:12.279010,VIN-100048,2100,90,NONE
2026-06-28 18:08:12.279013,VIN-100049,2100,90,NONE
2026-06-28 18:08:12.279015,VIN-100050,2100,90,P0300
2026-06-28 18:08:12.279018,VIN-100051,2100,90,NONE
2026-06-28 18:08:12.279020,VIN-100052,2100,90,NONE
2026-06-28 18:08:12.279023,VIN-100053,2100,90,NONE
2026-06-28 18:08:12.279025,VIN-100054,2100,90,NONE
2026-06-28 18:08:12.279028,VIN-100055,2100,90,NONE
2026-06-28 18:08:12.279030,VIN-100056,2100,90,NONE
2026-06-28 18:08:12.279033,VIN-100057,2100,90,NONE
2026-06-28 18:08:12.279035,VIN-100058,2100,90,NONE
2026-06-28 18:08:12.279038,VIN-100059,2100,90,NONE
2026-06-28 18:08:12.279041,VIN-100060,2100,90,NONE
2026-06-28 18:08:12.279043,VIN-100061,2100,90,NONE
2026-06-28 18:08:12.279046,VIN-100062,2100,90,NONE
2026-06-28 18:08:12.279049,VIN-100063,2100,90,NONE
2026-06-28 18:08:12.279052,VIN-100064,2100,90,NONE
2026-06-28 18:08:12.279054,VIN-100065,2100,90,NONE
2026-06-28 18:08:12.279057,VIN-100066,2100,90,NONE
2026-06-28 18:08:12.279059,VIN-100067,2100,90,NONE
2026-06-28 18:08:12.279062,VIN-100068,2100,90,NONE
2026-06-28 18:08:12.279064,VIN-100069,2100,90,NONE
2026-06-28 18:08:12.279067,VIN-100070,2100,90,NONE
2026-06-28 18:08:12.279069,VIN-100071,2100,90,NONE
2026-06-28 18:08:12.279072,VIN-100072,2100,90,NONE
2026-06-28 18:08:12.279074,VIN-100073,2100,90,NONE
2026-06-28 18:08:12.279076,VIN-100074,2100,90,NONE
2026-06-28 18:08:12.279079,VIN-100075,2100,90,P0171
2026-06-28 18:08:12.279081,VIN-100076,2100,90,NONE
2026-06-28 18:08:12.279084,VIN-100077,2100,90,NONE
2026-06-28 18:08:12.279086,VIN-100078,2100,90,NONE
2026-06-28 18:08:12.279089,VIN-100079,2100,90,NONE
2026-06-28 18:08:12.279091,VIN-100080,2100,90,NONE
2026-06-28 18:08:12.279094,VIN-100081,2100,90,NONE
2026-06-28 18:08:12.279096,VIN-100082,2100,90,NONE
2026-06-28 18:08:12.279099,VIN-100083,2100,90,NONE
2026-06-28 18:08:12.279101,VIN-100084,2100,90,NONE
2026-06-28 18:08:12.279104,VIN-100085,2100,90,NONE
2026-06-28 18:08:12.279106,VIN-100086,2100,90,NONE
2026-06-28 18:08:12.279109,VIN-100087,2100,90,NONE
2026-06-28 18:08:12.279111,VIN-100088,2100,90,NONE
2026-06-28 18:08:12.279114,VIN-100089,2100,90,NONE
2026-06-28 18:08:12.279116,VIN-100090,2100,90,NONE
2026-06-28 18:08:12.279119,VIN-100091,2100,90,NONE
2026-06-28 18:08:12.279121,VIN-100092,2100,90,NONE
2026-06-28 18:08:12.279124,VIN-100093,2100,90,NONE
2026-06-28 18:08:12.279126,VIN-100094,2100,90,NONE
2026-06-28 18:08:12.279129,VIN-100095,2100,90,NONE
2026-06-28 18:08:12.279132,VIN-100096,2100,90,NONE
2026-06-28 18:08:12.279134,VIN-100097,2100,90,NONE
2026-06-28 18:08:12.279137,VIN-100098,2100,90,NONE
2026-06-28 18:08:12.279139,VIN-100099,2100,90,NONE
2026-06-28 18:08:12.279142,VIN-100100,2100,90,P0300
2026-06-28 18:08:12.279144,VIN-100101,2100,90,NONE
2026-06-28 18:08:12.279147,VIN-100102,2100,90,NONE
2026-06-28 18:08:12.279150,VIN-100103,2100,90,NONE
2026-06-28 18:08:12.279152,VIN-100104,2100,90,NONE
2026-06-28 18:08:12.279155,VIN-100105,2100,90,NONE
2026-06-28 18:08:12.279158,VIN-100106,2100,90,NONE
2026-06-28 18:08:12.279161,VIN-100107,2100,90,NONE
2026-06-28 18:08:12.279163,VIN-100108,2100,90,NONE
2026-06-28 18:08:12.279166,VIN-100109,2100,90,NONE
2026-06-28 18:08:12.279169,VIN-100110,2100,90,NONE
2026-06-28 18:08:12.279171,VIN-100111,2100,90,NONE
2026-06-28 18:08:12.279174,VIN-100112,2100,90,NONE
2026-06-28 18:08:12.279177,VIN-100113,2100,90,NONE
2026-06-28 18:08:12.279179,VIN-100114,2100,90,NONE
2026-06-28 18:08:12.279182,VIN-100115,2100,90,NONE
2026-06-28 18:08:12.279185,VIN-100116,2100,90,NONE
2026-06-28 18:08:12.279187,VIN-100117,2100,90,NONE
2026-06-28 18:08:12.279190,VIN-100118,2100,90,NONE
2026-06-28 18:08:12.279192,VIN-100119,2100,90,NONE
2026-06-28 18:08:12.279195,VIN-100120,2100,90,NONE
2026-06-28 18:08:12.279198,VIN-100121,2100,90,NONE
2026-06-28 18:08:12.279200,VIN-100122,2100,90,NONE
2026-06-28 18:08:12.279203,VIN-100123,2100,90,NONE
2026-06-28 18:08:12.279206,VIN-100124,2100,90,NONE
2026-06-28 18:08:12.279208,VIN-100125,2100,90,NONE
2026-06-28 18:08:12.279211,VIN-100126,2100,90,NONE
2026-06-28 18:08:12.279214,VIN-100127,2100,90,NONE
2026-06-28 18:08:12.279216,VIN-100128,2100,90,NONE
2026-06-28 18:08:12.279219,VIN-100129,2100,90,NONE
2026-06-28 18:08:12.279222,VIN-100130,2100,90,NONE
2026-06-28 18:08:12.279225,VIN-100131,2100,90,NONE
2026-06-28 18:08:12.279227,VIN-100132,2100,90,NONE
2026-06-28 18:08:12.279230,VIN-100133,2100,90,NONE
2026-06-28 18:08:12.279233,VIN-100134,2100,90,NONE
2026-06-28 18:08:12.279235,VIN-100135,2100,90,NONE
2026-06-28 18:08:12.279238,VIN-100136,2100,90,NONE
2026-06-28 18:08:12.279241,VIN-100137,2100,90,NONE
2026-06-28 18:08:12.279243,VIN-100138,2100,90,NONE
2026-06-28 18:08:12.279246,VIN-100139,2100,90,NONE
2026-06-28 18:08:12.279249,VIN-100140,2100,90,NONE
2026-06-28 18:08:12.279252,VIN-100141,2100,90,NONE
2026-06-28 18:08:12.279254,VIN-100142,2100,90,NONE
2026-06-28 18:08:12.279257,VIN-100143,2100,90,NONE
2026-06-28 18:08:12.279260,VIN-100144,2100,90,NONE
2026-06-28 18:08:12.279262,VIN-100145,2100,90,NONE
2026-06-28 18:08:12.279265,VIN-100146,2100,90,NONE
2026-06-28 18:08:12.279268,VIN-100147,2100,90,NONE
2026-06-28 18:08:12.279270,VIN-100148,2100,90,NONE
2026-06-28 18:08:12.279273,VIN-100149,2100,90,NONE
2026-06-28 18:08:12.279276,VIN-100150,2100,90,P0300
2026-06-28 18:08:12.279278,VIN-100151,2100,90,NONE
2026-06-28 18:08:12.279281,VIN-100152,2100,90,NONE
2026-06-28 18:08:12.279284,VIN-100153,2100,90,NONE
2026-06-28 18:08:12.279286,VIN-100154,2100,90,NONE
2026-06-28 18:08:12.279289,VIN-100155,2100,90,NONE
2026-06-28 18:08:12.279292,VIN-100156,2100,90,NONE
2026-06-28 18:08:12.279294,VIN-100157,2100,90,NONE
2026-06-28 18:08:12.279297,VIN-100158,2100,90,NONE
2026-06-28 18:08:12.279300,VIN-100159,2100,90,NONE
2026-06-28 18:08:12.279302,VIN-100160,2100,90,NONE
2026-06-28 18:08:12.279305,VIN-100161,2100,90,NONE
2026-06-28 18:08:12.279308,VIN-100162,2100,90,NONE
2026-06-28 18:08:12.279311,VIN-100163,2100,90,NONE
2026-06-28 18:08:12.279313,VIN-100164,2100,90,NONE
2026-06-28 18:08:12.279316,VIN-100165,2100,90,NONE
2026-06-28 18:08:12.279319,VIN-100166,2100,90,NONE
2026-06-28 18:08:12.279322,VIN-100167,2100,90,NONE
2026-06-28 18:08:12.279325,VIN-100168,2100,90,NONE
2026-06-28 18:08:12.279327,VIN-100169,2100,90,NONE
2026-06-28 18:08:12.279330,VIN-100170,2100,90,NONE
2026-06-28 18:08:12.279333,VIN-100171,2100,90,NONE
2026-06-28 18:08:12.279336,VIN-100172,2100,90,NONE
2026-06-28 18:08:12.279339,VIN-100173,2100,90,NONE
2026-06-28 18:08:12.279342,VIN-100174,2100,90,NONE
2026-06-28 18:08:12.279345,VIN-100175,2100,90,NONE
2026-06-28 18:08:12.279348,VIN-100176,2100,90,NONE
2026-06-28 18:08:12.279350,VIN-100177,2100,90,NONE
2026-06-28 18:08:12.279354,VIN-100178,2100,90,NONE
2026-06-28 18:08:12.279357,VIN-100179,2100,90,NONE
2026-06-28 18:08:12.279359,VIN-100180,2100,90,NONE
2026-06-28 18:08:12.279363,VIN-100181,2100,90,NONE
2026-06-28 18:08:12.279365,VIN-100182,2100,90,NONE
2026-06-28 18:08:12.279369,VIN-100183,2100,90,NONE
2026-06-28 18:08:12.279372,VIN-100184,2100,90,NONE
2026-06-28 18:08:12.279375,VIN-100185,2100,90,NONE
2026-06-28 18:08:12.279378,VIN-100186,2100,90,NONE
2026-06-28 18:08:12.279381,VIN-100187,2100,90,NONE
2026-06-28 18:08:12.279384,VIN-100188,2100,90,NONE
2026-06-28 18:08:12.279387,VIN-100189,2100,90,NONE
2026-06-28 18:08:12.279390,VIN-100190,2100,90,NONE
2026-06-28 18:08:12.279393,VIN-100191,2100,90,NONE
2026-06-28 18:08:12.279396,VIN-100192,2100,90,NONE
2026-06-28 18:08:12.279399,VIN-100193,2100,90,NONE
2026-06-28 18:08:12.279402,VIN-100194,2100,90,NONE
2026-06-28 18:08:12.279406,VIN-100195,2100,90,NONE
2026-06-28 18:08:12.279408,VIN-100196,2100,90,NONE
2026-06-28 18:08:12.279412,VIN-100197,2100,90,NONE
2026-06-28 18:08:12.279415,VIN-100198,2100,90,NONE
2026-06-28 18:08:12.279417,VIN-100199,2100,90,NONE
2026-06-28 18:08:12.279420,VIN-100200,2100,90,P0300
2026-06-28 18:08:12.279423,VIN-100201,2100,90,NONE
2026-06-28 18:08:12.279426,VIN-100202,2100,90,NONE
2026-06-28 18:08:12.279429,VIN-100203,2100,90,NONE
2026-06-28 18:08:12.279432,VIN-100204,2100,90,NONE
2026-06-28 18:08:12.279436,VIN-100205,2100,90,NONE
2026-06-28 18:08:12.279439,VIN-100206,2100,90,NONE
2026-06-28 18:08:12.279442,VIN-100207,2100,90,NONE
2026-06-28 18:08:12.279445,VIN-100208,2100,90,NONE
2026-06-28 18:08:12.279448,VIN-100209,2100,90,NONE
2026-06-28 18:08:12.279451,VIN-100210,2100,90,NONE
2026-06-28 18:08:12.279454,VIN-100211,2100,90,NONE
2026-06-28 18:08:12.279457,VIN-100212,2100,90,NONE
2026-06-28 18:08:12.279461,VIN-100213,2100,90,NONE
2026-06-28 18:08:12.279464,VIN-100214,2100,90,NONE
2026-06-28 18:08:12.279467,VIN-100215,2100,90,NONE
2026-06-28 18:08:12.279470,VIN-100216,2100,90,NONE
2026-06-28 18:08:12.279473,VIN-100217,2100,90,NONE
2026-06-28 18:08:12.279476,VIN-100218,2100,90,NONE
2026-06-28 18:08:12.279479,VIN-100219,2100,90,NONE
2026-06-28 18:08:12.279482,VIN-100220,2100,90,NONE
2026-06-28 18:08:12.279485,VIN-100221,2100,90,NONE
2026-06-28 18:08:12.279489,VIN-100222,2100,90,NONE
2026-06-28 18:08:12.279492,VIN-100223,2100,90,NONE
2026-06-28 18:08:12.279495,VIN-100224,2100,90,NONE
2026-06-28 18:08:12.279498,VIN-100225,2100,90,P0171
2026-06-28 18:08:12.279501,VIN-100226,2100,90,NONE
2026-06-28 18:08:12.279504,VIN-100227,2100,90,NONE
2026-06-28 18:08:12.279507,VIN-100228,2100,90,NONE
2026-06-28 18:08:12.279510,VIN-100229,2100,90,NONE
2026-06-28 18:08:12.279513,VIN-100230,2100,90,NONE
2026-06-28 18:08:12.279516,VIN-100231,2100,90,NONE
2026-06-28 18:08:12.279519,VIN-100232,2100,90,NONE
2026-06-28 18:08:12.279522,VIN-100233,2100,90,NONE
2026-06-28 18:08:12.279525,VIN-100234,2100,90,NONE
2026-06-28 18:08:12.279528,VIN-100235,2100,90,NONE
2026-06-28 18:08:12.279531,VIN-100236,2100,90,NONE
2026-06-28 18:08:12.279535,VIN-100237,2100,90,NONE
2026-06-28 18:08:12.279538,VIN-100238,2100,90,NONE
2026-06-28 18:08:12.279541,VIN-100239,2100,90,NONE
2026-06-28 18:08:12.279544,VIN-100240,2100,90,NONE
2026-06-28 18:08:12.279547,VIN-100241,2100,90,NONE
2026-06-28 18:08:12.279550,VIN-100242,2100,90,NONE
2026-06-28 18:08:12.279553,VIN-100243,2100,90,NONE
2026-06-28 18:08:12.279557,VIN-100244,2100,90,NONE
2026-06-28 18:08:12.279560,VIN-100245,2100,90,NONE
2026-06-28 18:08:12.279563,VIN-100246,2100,90,NONE
2026-06-28 18:08:12.279566,VIN-100247,2100,90,NONE
2026-06-28 18:08:12.279569,VIN-100248,2100,90,NONE
2026-06-28 18:08:12.279572,VIN-100249,2100,90,NONE
2026-06-28 18:08:12.279575,VIN-100250,2100,90,P0300
2026-06-28 18:08:12.279578,VIN-100251,2100,90,NONE
2026-06-28 18:08:12.279582,VIN-100252,2100,90,NONE
2026-06-28 18:08:12.279585,VIN-100253,2100,90,NONE
2026-06-28 18:08:12.279588,VIN-100254,2100,90,NONE
2026-06-28 18:08:12.279591,VIN-100255,2100,90,NONE
2026-06-28 18:08:12.279594,VIN-100256,2100,90,NONE
2026-06-28 18:08:12.279597,VIN-100257,2100,90,NONE
2026-06-28 18:08:12.279600,VIN-100258,2100,90,NONE
2026-06-28 18:08:12.279603,VIN-100259,2100,90,NONE
2026-06-28 18:08:12.279606,VIN-100260,2100,90,NONE
2026-06-28 18:08:12.279609,VIN-100261,2100,90,NONE
2026-06-28 18:08:12.279613,VIN-100262,2100,90,NONE
2026-06-28 18:08:12.279616,VIN-100263,2100,90,NONE
2026-06-28 18:08:12.279619,VIN-100264,2100,90,NONE
2026-06-28 18:08:12.279622,VIN-100265,2100,90,NONE
2026-06-28 18:08:12.279625,VIN-100266,2100,90,NONE
2026-06-28 18:08:12.279629,VIN-100267,2100,90,NONE
2026-06-28 18:08:12.279632,VIN-100268,2100,90,NONE
2026-06-28 18:08:12.279635,VIN-100269,2100,90,NONE
2026-06-28 18:08:12.279638,VIN-100270,2100,90,NONE
2026-06-28 18:08:12.279641,VIN-100271,2100,90,NONE
2026-06-28 18:08:12.279645,VIN-100272,2100,90,NONE
2026-06-28 18:08:12.279648,VIN-100273,2100,90,NONE
2026-06-28 18:08:12.279651,VIN-100274,2100,90,NONE
2026-06-28 18:08:12.279654,VIN-100275,2100,90,NONE
2026-06-28 18:08:12.279659,VIN-100276,2100,90,NONE
2026-06-28 18:08:12.279717,VIN-100277,2100,90,NONE
2026-06-28 18:08:12.279729,VIN-100278,2100,90,NONE
2026-06-28 18:08:12.279733,VIN-100279,2100,90,NONE
2026-06-28 18:08:12.279737,VIN-100280,2100,90,NONE
2026-06-28 18:08:12.279740,VIN-100281,2100,90,NONE
2026-06-28 18:08:12.279743,VIN-100282,2100,90,NONE
2026-06-28 18:08:12.279747,VIN-100283,2100,90,NONE
2026-06-28 18:08:12.279750,VIN-100284,2100,90,NONE
2026-06-28 18:08:12.279753,VIN-100285,2100,90,NONE
2026-06-28 18:08:12.279756,VIN-100286,2100,90,NONE
2026-06-28 18:08:12.279760,VIN-100287,2100,90,NONE
2026-06-28 18:08:12.279763,VIN-100288,2100,90,NONE
2026-06-28 18:08:12.279766,VIN-100289,2100,90,NONE
2026-06-28 18:08:12.279769,VIN-100290,2100,90,NONE
2026-06-28 18:08:12.279773,VIN-100291,2100,90,NONE
2026-06-28 18:08:12.279776,VIN-100292,2100,90,NONE
2026-06-28 18:08:12.279779,VIN-100293,2100,90,NONE
2026-06-28 18:08:12.279782,VIN-100294,2100,90,NONE
2026-06-28 18:08:12.279786,VIN-100295,2100,90,NONE
2026-06-28 18:08:12.279789,VIN-100296,2100,90,NONE
2026-06-28 18:08:12.279792,VIN-100297,2100,90,NONE
2026-06-28 18:08:12.279795,VIN-100298,2100,90,NONE
2026-06-28 18:08:12.279799,VIN-100299,2100,90,NONE
2026-06-28 18:08:12.279803,VIN-100300,2100,90,P0300
2026-06-28 18:08:12.279806,VIN-100301,2100,90,NONE
2026-06-28 18:08:12.279809,VIN-100302,2100,90,NONE
2026-06-28 18:08:12.279812,VIN-100303,2100,90,NONE
2026-06-28 18:08:12.279816,VIN-100304,2100,90,NONE
2026-06-28 18:08:12.279819,VIN-100305,2100,90,NONE
2026-06-28 18:08:12.279823,VIN-100306,2100,90,NONE
2026-06-28 18:08:12.279826,VIN-100307,2100,90,NONE
2026-06-28 18:08:12.279829,VIN-100308,2100,90,NONE
2026-06-28 18:08:12.279833,VIN-100309,2100,90,NONE
2026-06-28 18:08:12.279836,VIN-100310,2100,90,NONE
2026-06-28 18:08:12.279840,VIN-100311,2100,90,NONE
2026-06-28 18:08:12.279844,VIN-100312,2100,90,NONE
2026-06-28 18:08:12.279847,VIN-100313,2100,90,NONE
2026-06-28 18:08:12.279850,VIN-100314,2100,90,NONE
2026-06-28 18:08:12.279853,VIN-100315,2100,90,NONE
2026-06-28 18:08:12.279857,VIN-100316,2100,90,NONE
2026-06-28 18:08:12.279860,VIN-100317,2100,90,NONE
2026-06-28 18:08:12.279863,VIN-100318,2100,90,NONE
2026-06-28 18:08:12.279866,VIN-100319,2100,90,NONE
2026-06-28 18:08:12.279870,VIN-100320,2100,90,NONE
2026-06-28 18:08:12.279874,VIN-100321,2100,90,NONE
2026-06-28 18:08:12.279887,VIN-100322,2100,90,NONE
2026-06-28 18:08:12.279894,VIN-100323,2100,90,NONE
2026-06-28 18:08:12.279898,VIN-100324,2100,90,NONE
2026-06-28 18:08:12.279902,VIN-100325,2100,90,NONE
2026-06-28 18:08:12.279906,VIN-100326,2100,90,NONE
2026-06-28 18:08:12.279909,VIN-100327,2100,90,NONE
2026-06-28 18:08:12.279912,VIN-100328,2100,90,NONE
2026-06-28 18:08:12.279916,VIN-100329,2100,90,NONE
2026-06-28 18:08:12.279919,VIN-100330,2100,90,NONE
2026-06-28 18:08:12.279922,VIN-100331,2100,90,NONE
2026-06-28 18:08:12.279926,VIN-100332,2100,90,NONE
2026-06-28 18:08:12.279933,VIN-100333,2100,90,NONE
2026-06-28 18:08:12.279938,VIN-100334,2100,90,NONE
2026-06-28 18:08:12.279956,VIN-100335,2100,90,NONE
2026-06-28 18:08:12.279962,VIN-100336,2100,90,NONE
2026-06-28 18:08:12.279965,VIN-100337,2100,90,NONE
2026-06-28 18:08:12.279969,VIN-100338,2100,90,NONE
2026-06-28 18:08:12.279972,VIN-100339,2100,90,NONE
2026-06-28 18:08:12.279976,VIN-100340,2100,90,NONE
2026-06-28 18:08:12.279979,VIN-100341,2100,90,NONE
2026-06-28 18:08:12.279982,VIN-100342,2100,90,NONE
2026-06-28 18:08:12.279986,VIN-100343,2100,90,NONE
2026-06-28 18:08:12.279989,VIN-100344,2100,90,NONE
2026-06-28 18:08:12.279993,VIN-100345,2100,90,NONE
2026-06-28 18:08:12.279997,VIN-100346,2100,90,NONE
2026-06-28 18:08:12.280000,VIN-100347,2100,90,NONE
2026-06-28 18:08:12.280004,VIN-100348,2100,90,NONE
2026-06-28 18:08:12.280008,VIN-100349,2100,90,NONE
2026-06-28 18:08:12.280011,VIN-100350,2100,90,P0300
2026-06-28 18:08:12.280015,VIN-100351,2100,90,NONE
2026-06-28 18:08:12.280019,VIN-100352,2100,90,NONE
2026-06-28 18:08:12.280022,VIN-100353,2100,90,NONE
2026-06-28 18:08:12.280026,VIN-100354,2100,90,NONE
2026-06-28 18:08:12.280029,VIN-100355,2100,90,NONE
2026-06-28 18:08:12.280033,VIN-100356,2100,90,NONE
2026-06-28 18:08:12.280036,VIN-100357,2100,90,NONE
2026-06-28 18:08:12.280040,VIN-100358,2100,90,NONE
2026-06-28 18:08:12.280043,VIN-100359,2100,90,NONE
2026-06-28 18:08:12.280047,VIN-100360,2100,90,NONE
2026-06-28 18:08:12.280050,VIN-100361,2100,90,NONE
2026-06-28 18:08:12.280054,VIN-100362,2100,90,NONE
2026-06-28 18:08:12.280058,VIN-100363,2100,90,NONE
2026-06-28 18:08:12.280062,VIN-100364,2100,90,NONE
2026-06-28 18:08:12.280065,VIN-100365,2100,90,NONE
2026-06-28 18:08:12.280069,VIN-100366,2100,90,NONE
2026-06-28 18:08:12.280072,VIN-100367,2100,90,NONE
2026-06-28 18:08:12.280076,VIN-100368,2100,90,NONE
2026-06-28 18:08:12.280079,VIN-100369,2100,90,NONE
2026-06-28 18:08:12.280083,VIN-100370,2100,90,NONE
2026-06-28 18:08:12.280086,VIN-100371,2100,90,NONE
2026-06-28 18:08:12.280090,VIN-100372,2100,90,NONE
2026-06-28 18:08:12.280094,VIN-100373,2100,90,NONE
2026-06-28 18:08:12.280097,VIN-100374,2100,90,NONE
2026-06-28 18:08:12.280101,VIN-100375,2100,90,P0171
2026-06-28 18:08:12.280104,VIN-100376,2100,90,NONE
2026-06-28 18:08:12.280108,VIN-100377,2100,90,NONE
2026-06-28 18:08:12.280112,VIN-100378,2100,90,NONE
2026-06-28 18:08:12.280115,VIN-100379,2100,90,NONE
2026-06-28 18:08:12.280119,VIN-100380,2100,90,NONE
2026-06-28 18:08:12.280122,VIN-100381,2100,90,NONE
2026-06-28 18:08:12.280126,VIN-100382,2100,90,NONE
2026-06-28 18:08:12.280129,VIN-100383,2100,90,NONE
2026-06-28 18:08:12.280133,VIN-100384,2100,90,NONE
2026-06-28 18:08:12.280137,VIN-100385,2100,90,NONE
2026-06-28 18:08:12.280140,VIN-100386,2100,90,NONE
2026-06-28 18:08:12.280144,VIN-100387,2100,90,NONE
2026-06-28 18:08:12.280148,VIN-100388,2100,90,NONE
2026-06-28 18:08:12.280152,VIN-100389,2100,90,NONE
2026-06-28 18:08:12.280155,VIN-100390,2100,90,NONE
2026-06-28 18:08:12.280159,VIN-100391,2100,90,NONE
2026-06-28 18:08:12.280163,VIN-100392,2100,90,NONE
2026-06-28 18:08:12.280166,VIN-100393,2100,90,NONE
2026-06-28 18:08:12.280170,VIN-100394,2100,90,NONE
2026-06-28 18:08:12.280174,VIN-100395,2100,90,NONE
2026-06-28 18:08:12.280177,VIN-100396,2100,90,NONE
2026-06-28 18:08:12.280181,VIN-100397,2100,90,NONE
2026-06-28 18:08:12.280185,VIN-100398,2100,90,NONE
2026-06-28 18:08:12.280189,VIN-100399,2100,90,NONE
2026-06-28 18:08:12.280192,VIN-100400,2100,90,P0300
2026-06-28 18:08:12.280196,VIN-100401,2100,90,NONE
2026-06-28 18:08:12.280201,VIN-100402,2100,90,NONE
2026-06-28 18:08:12.280205,VIN-100403,2100,90,NONE
2026-06-28 18:08:12.280209,VIN-100404,2100,90,NONE
2026-06-28 18:08:12.280213,VIN-100405,2100,90,NONE
2026-06-28 18:08:12.280218,VIN-100406,2100,90,NONE
2026-06-28 18:08:12.280221,VIN-100407,2100,90,NONE
2026-06-28 18:08:12.280225,VIN-100408,2100,90,NONE
2026-06-28 18:08:12.280229,VIN-100409,2100,90,NONE
2026-06-28 18:08:12.280233,VIN-100410,2100,90,NONE
2026-06-28 18:08:12.280236,VIN-100411,2100,90,NONE
2026-06-28 18:08:12.280240,VIN-100412,2100,90,NONE
2026-06-28 18:08:12.280244,VIN-100413,2100,90,NONE
2026-06-28 18:08:12.280247,VIN-100414,2100,90,NONE
2026-06-28 18:08:12.280251,VIN-100415,2100,90,NONE
2026-06-28 18:08:12.280254,VIN-100416,2100,90,NONE
2026-06-28 18:08:12.280258,VIN-100417,2100,90,NONE
2026-06-28 18:08:12.280262,VIN-100418,2100,90,NONE
2026-06-28 18:08:12.280266,VIN-100419,2100,90,NONE
2026-06-28 18:08:12.280270,VIN-100420,2100,90,NONE
2026-06-28 18:08:12.280273,VIN-100421,2100,90,NONE
2026-06-28 18:08:12.280278,VIN-100422,2100,90,NONE
2026-06-28 18:08:12.280281,VIN-100423,2100,90,NONE
2026-06-28 18:08:12.280285,VIN-100424,2100,90,NONE
2026-06-28 18:08:12.280289,VIN-100425,2100,90,NONE
2026-06-28 18:08:12.280292,VIN-100426,2100,90,NONE
2026-06-28 18:08:12.280296,VIN-100427,2100,90,NONE
2026-06-28 18:08:12.280300,VIN-100428,2100,90,NONE
2026-06-28 18:08:12.280304,VIN-100429,2100,90,NONE
2026-06-28 18:08:12.280308,VIN-100430,2100,90,NONE
2026-06-28 18:08:12.280312,VIN-100431,2100,90,NONE
2026-06-28 18:08:12.280315,VIN-100432,2100,90,NONE
2026-06-28 18:08:12.280319,VIN-100433,2100,90,NONE
2026-06-28 18:08:12.280323,VIN-100434,2100,90,NONE
2026-06-28 18:08:12.280327,VIN-100435,2100,90,NONE
2026-06-28 18:08:12.280331,VIN-100436,2100,90,NONE
2026-06-28 18:08:12.280335,VIN-100437,2100,90,NONE
2026-06-28 18:08:12.280338,VIN-100438,2100,90,NONE
2026-06-28 18:08:12.280342,VIN-100439,2100,90,NONE
2026-06-28 18:08:12.280346,VIN-100440,2100,90,NONE
2026-06-28 18:08:12.280350,VIN-100441,2100,90,NONE
2026-06-28 18:08:12.280354,VIN-100442,2100,90,NONE
2026-06-28 18:08:12.280358,VIN-100443,2100,90,NONE
2026-06-28 18:08:12.280362,VIN-100444,2100,90,NONE
2026-06-28 18:08:12.280366,VIN-100445,2100,90,NONE
2026-06-28 18:08:12.280370,VIN-100446,2100,90,NONE
2026-06-28 18:08:12.280373,VIN-100447,2100,90,NONE
2026-06-28 18:08:12.280377,VIN-100448,2100,90,NONE
2026-06-28 18:08:12.280383,VIN-100449,2100,90,NONE
2026-06-28 18:08:12.280404,VIN-100450,2100,90,P0300
2026-06-28 18:08:12.280411,VIN-100451,2100,90,NONE
2026-06-28 18:08:12.280419,VIN-100452,2100,90,NONE
2026-06-28 18:08:12.280425,VIN-100453,2100,90,NONE
2026-06-28 18:08:12.280432,VIN-100454,2100,90,NONE
2026-06-28 18:08:12.280436,VIN-100455,2100,90,NONE
2026-06-28 18:08:12.280440,VIN-100456,2100,90,NONE
2026-06-28 18:08:12.280444,VIN-100457,2100,90,NONE
2026-06-28 18:08:12.280448,VIN-100458,2100,90,NONE
2026-06-28 18:08:12.280452,VIN-100459,2100,90,NONE
2026-06-28 18:08:12.280456,VIN-100460,2100,90,NONE
2026-06-28 18:08:12.280460,VIN-100461,2100,90,NONE
2026-06-28 18:08:12.280464,VIN-100462,2100,90,NONE
2026-06-28 18:08:12.280468,VIN-100463,2100,90,NONE
2026-06-28 18:08:12.280472,VIN-100464,2100,90,NONE
2026-06-28 18:08:12.280476,VIN-100465,2100,90,NONE
2026-06-28 18:08:12.280480,VIN-100466,2100,90,NONE
2026-06-28 18:08:12.280484,VIN-100467,2100,90,NONE
2026-06-28 18:08:12.280488,VIN-100468,2100,90,NONE
2026-06-28 18:08:12.280492,VIN-100469,2100,90,NONE
2026-06-28 18:08:12.280496,VIN-100470,2100,90,NONE
2026-06-28 18:08:12.280499,VIN-100471,2100,90,NONE
2026-06-28 18:08:12.280503,VIN-100472,2100,90,NONE
2026-06-28 18:08:12.280507,VIN-100473,2100,90,NONE
2026-06-28 18:08:12.280511,VIN-100474,2100,90,NONE
2026-06-28 18:08:12.280515,VIN-100475,2100,90,NONE
2026-06-28 18:08:12.280519,VIN-100476,2100,90,NONE
2026-06-28 18:08:12.280522,VIN-100477,2100,90,NONE
2026-06-28 18:08:12.280526,VIN-100478,2100,90,NONE
2026-06-28 18:08:12.280531,VIN-100479,2100,90,NONE
2026-06-28 18:08:12.280535,VIN-100480,2100,90,NONE
2026-06-28 18:08:12.280539,VIN-100481,2100,90,NONE
2026-06-28 18:08:12.280543,VIN-100482,2100,90,NONE
2026-06-28 18:08:12.280548,VIN-100483,2100,90,NONE
2026-06-28 18:08:12.280551,VIN-100484,2100,90,NONE
2026-06-28 18:08:12.280555,VIN-100485,2100,90,NONE
2026-06-28 18:08:12.280559,VIN-100486,2100,90,NONE
2026-06-28 18:08:12.280563,VIN-100487,2100,90,NONE
2026-06-28 18:08:12.280567,VIN-100488,2100,90,NONE
2026-06-28 18:08:12.280571,VIN-100489,2100,90,NONE
2026-06-28 18:08:12.280575,VIN-100490,2100,90,NONE
2026-06-28 18:08:12.280578,VIN-100491,2100,90,NONE
2026-06-28 18:08:12.280582,VIN-100492,2100,90,NONE
2026-06-28 18:08:12.280587,VIN-100493,2100,90,NONE
2026-06-28 18:08:12.280591,VIN-100494,2100,90,NONE
2026-06-28 18:08:12.280595,VIN-100495,2100,90,NONE
2026-06-28 18:08:12.280599,VIN-100496,2100,90,NONE
2026-06-28 18:08:12.280603,VIN-100497,2100,90,NONE
2026-06-28 18:08:12.280606,VIN-100498,2100,90,NONE
2026-06-28 18:08:12.280610,VIN-100499,2100,90,NONE
2026-06-28 18:08:12.280614,VIN-100500,2100,90,P0300
2026-06-28 18:08:12.280618,VIN-100501,2100,90,NONE
2026-06-28 18:08:12.280622,VIN-100502,2100,90,NONE
2026-06-28 18:08:12.280627,VIN-100503,2100,90,NONE
2026-06-28 18:08:12.280633,VIN-100504,2100,90,NONE
2026-06-28 18:08:12.280641,VIN-100505,2100,90,NONE
2026-06-28 18:08:12.280648,VIN-100506,2100,90,NONE
2026-06-28 18:08:12.280655,VIN-100507,2100,90,NONE
2026-06-28 18:08:12.280664,VIN-100508,2100,90,NONE
2026-06-28 18:08:12.280673,VIN-100509,2100,90,NONE
2026-06-28 18:08:12.280681,VIN-100510,2100,90,NONE
2026-06-28 18:08:12.280689,VIN-100511,2100,90,NONE
2026-06-28 18:08:12.280697,VIN-100512,2100,90,NONE
2026-06-28 18:08:12.280705,VIN-100513,2100,90,NONE
2026-06-28 18:08:12.280761,VIN-100514,2100,90,NONE
2026-06-28 18:08:12.280774,VIN-100515,2100,90,NONE
2026-06-28 18:08:12.280780,VIN-100516,2100,90,NONE
2026-06-28 18:08:12.280784,VIN-100517,2100,90,NONE
2026-06-28 18:08:12.280788,VIN-100518,2100,90,NONE
2026-06-28 18:08:12.280792,VIN-100519,2100,90,NONE
2026-06-28 18:08:12.280796,VIN-100520,2100,90,NONE
2026-06-28 18:08:12.280800,VIN-100521,2100,90,NONE
2026-06-28 18:08:12.280805,VIN-100522,2100,90,NONE
2026-06-28 18:08:12.280809,VIN-100523,2100,90,NONE
2026-06-28 18:08:12.280813,VIN-100524,2100,90,NONE
2026-06-28 18:08:12.280817,VIN-100525,2100,90,P0171
2026-06-28 18:08:12.280821,VIN-100526,2100,90,NONE
2026-06-28 18:08:12.280825,VIN-100527,2100,90,NONE
2026-06-28 18:08:12.280829,VIN-100528,2100,90,NONE
2026-06-28 18:08:12.280833,VIN-100529,2100,90,NONE
2026-06-28 18:08:12.280837,VIN-100530,2100,90,NONE
2026-06-28 18:08:12.280841,VIN-100531,2100,90,NONE
2026-06-28 18:08:12.280846,VIN-100532,2100,90,NONE
2026-06-28 18:08:12.280850,VIN-100533,2100,90,NONE
2026-06-28 18:08:12.280854,VIN-100534,2100,90,NONE
2026-06-28 18:08:12.280858,VIN-100535,2100,90,NONE
2026-06-28 18:08:12.280862,VIN-100536,2100,90,NONE
2026-06-28 18:08:12.280866,VIN-100537,2100,90,NONE
2026-06-28 18:08:12.280884,VIN-100538,2100,90,NONE
2026-06-28 18:08:12.280899,VIN-100539,2100,90,NONE
2026-06-28 18:08:12.280907,VIN-100540,2100,90,NONE
2026-06-28 18:08:12.280912,VIN-100541,2100,90,NONE
2026-06-28 18:08:12.280916,VIN-100542,2100,90,NONE
2026-06-28 18:08:12.280920,VIN-100543,2100,90,NONE
2026-06-28 18:08:12.280924,VIN-100544,2100,90,NONE
2026-06-28 18:08:12.280929,VIN-100545,2100,90,NONE
2026-06-28 18:08:12.280933,VIN-100546,2100,90,NONE
2026-06-28 18:08:12.280937,VIN-100547,2100,90,NONE
2026-06-28 18:08:12.280941,VIN-100548,2100,90,NONE
2026-06-28 18:08:12.280946,VIN-100549,2100,90,NONE
2026-06-28 18:08:12.280950,VIN-100550,2100,90,P0300
2026-06-28 18:08:12.280954,VIN-100551,2100,90,NONE
2026-06-28 18:08:12.280958,VIN-100552,2100,90,NONE
2026-06-28 18:08:12.280962,VIN-100553,2100,90,NONE
2026-06-28 18:08:12.280966,VIN-100554,2100,90,NONE
2026-06-28 18:08:12.280970,VIN-100555,2100,90,NONE
2026-06-28 18:08:12.280974,VIN-100556,2100,90,NONE
2026-06-28 18:08:12.280978,VIN-100557,2100,90,NONE
2026-06-28 18:08:12.280983,VIN-100558,2100,90,NONE
2026-06-28 18:08:12.280987,VIN-100559,2100,90,NONE
2026-06-28 18:08:12.280991,VIN-100560,2100,90,NONE
2026-06-28 18:08:12.280996,VIN-100561,2100,90,NONE
2026-06-28 18:08:12.281000,VIN-100562,2100,90,NONE
2026-06-28 18:08:12.281005,VIN-100563,2100,90,NONE
2026-06-28 18:08:12.281009,VIN-100564,2100,90,NONE
2026-06-28 18:08:12.281014,VIN-100565,2100,90,NONE
2026-06-28 18:08:12.281019,VIN-100566,2100,90,NONE
2026-06-28 18:08:12.281023,VIN-100567,2100,90,NONE
2026-06-28 18:08:12.281027,VIN-100568,2100,90,NONE
2026-06-28 18:08:12.281031,VIN-100569,2100,90,NONE
2026-06-28 18:08:12.281036,VIN-100570,2100,90,NONE
2026-06-28 18:08:12.281040,VIN-100571,2100,90,NONE
2026-06-28 18:08:12.281044,VIN-100572,2100,90,NONE
2026-06-28 18:08:12.281049,VIN-100573,2100,90,NONE
2026-06-28 18:08:12.281053,VIN-100574,2100,90,NONE
2026-06-28 18:08:12.281057,VIN-100575,2100,90,NONE
2026-06-28 18:08:12.281061,VIN-100576,2100,90,NONE
2026-06-28 18:08:12.281065,VIN-100577,2100,90,NONE
2026-06-28 18:08:12.281069,VIN-100578,2100,90,NONE
2026-06-28 18:08:12.281073,VIN-100579,2100,90,NONE
2026-06-28 18:08:12.281077,VIN-100580,2100,90,NONE
2026-06-28 18:08:12.281081,VIN-100581,2100,90,NONE
2026-06-28 18:08:12.281086,VIN-100582,2100,90,NONE
2026-06-28 18:08:12.281090,VIN-100583,2100,90,NONE
2026-06-28 18:08:12.281094,VIN-100584,2100,90,NONE
2026-06-28 18:08:12.281098,VIN-100585,2100,90,NONE
2026-06-28 18:08:12.281102,VIN-100586,2100,90,NONE
2026-06-28 18:08:12.281107,VIN-100587,2100,90,NONE
2026-06-28 18:08:12.281111,VIN-100588,2100,90,NONE
2026-06-28 18:08:12.281116,VIN-100589,2100,90,NONE
2026-06-28 18:08:12.281120,VIN-100590,2100,90,NONE
2026-06-28 18:08:12.281125,VIN-100591,2100,90,NONE
2026-06-28 18:08:12.281129,VIN-100592,2100,90,NONE
2026-06-28 18:08:12.281133,VIN-100593,2100,90,NONE
2026-06-28 18:08:12.281137,VIN-100594,2100,90,NONE
2026-06-28 18:08:12.281141,VIN-100595,2100,90,NONE
2026-06-28 18:08:12.281146,VIN-100596,2100,90,NONE
2026-06-28 18:08:12.281150,VIN-100597,2100,90,NONE
2026-06-28 18:08:12.281154,VIN-100598,2100,90,NONE
2026-06-28 18:08:12.281158,VIN-100599,2100,90,NONE
2026-06-28 18:08:12.281162,VIN-100600,2100,90,P0300
2026-06-28 18:08:12.281167,VIN-100601,2100,90,NONE
2026-06-28 18:08:12.281172,VIN-100602,2100,90,NONE
2026-06-28 18:08:12.281177,VIN-100603,2100,90,NONE
2026-06-28 18:08:12.281181,VIN-100604,2100,90,NONE
2026-06-28 18:08:12.281185,VIN-100605,2100,90,NONE
2026-06-28 18:08:12.281190,VIN-100606,2100,90,NONE
2026-06-28 18:08:12.281195,VIN-100607,2100,90,NONE
2026-06-28 18:08:12.281200,VIN-100608,2100,90,NONE
2026-06-28 18:08:12.281204,VIN-100609,2100,90,NONE
2026-06-28 18:08:12.281208,VIN-100610,2100,90,NONE
2026-06-28 18:08:12.281212,VIN-100611,2100,90,NONE
2026-06-28 18:08:12.281216,VIN-100612,2100,90,NONE
2026-06-28 18:08:12.281221,VIN-100613,2100,90,NONE
2026-06-28 18:08:12.281225,VIN-100614,2100,90,NONE
2026-06-28 18:08:12.281229,VIN-100615,2100,90,NONE
2026-06-28 18:08:12.281233,VIN-100616,2100,90,NONE
2026-06-28 18:08:12.281239,VIN-100617,2100,90,NONE
2026-06-28 18:08:12.281243,VIN-100618,2100,90,NONE
2026-06-28 18:08:12.281247,VIN-100619,2100,90,NONE
2026-06-28 18:08:12.281251,VIN-100620,2100,90,NONE
2026-06-28 18:08:12.281256,VIN-100621,2100,90,NONE
2026-06-28 18:08:12.281261,VIN-100622,2100,90,NONE
2026-06-28 18:08:12.281265,VIN-100623,2100,90,NONE
2026-06-28 18:08:12.281269,VIN-100624,2100,90,NONE
2026-06-28 18:08:12.281274,VIN-100625,2100,90,NONE
2026-06-28 18:08:12.281278,VIN-100626,2100,90,NONE
2026-06-28 18:08:12.281282,VIN-100627,2100,90,NONE
2026-06-28 18:08:12.281287,VIN-100628,2100,90,NONE
2026-06-28 18:08:12.281292,VIN-100629,2100,90,NONE
2026-06-28 18:08:12.281296,VIN-100630,2100,90,NONE
2026-06-28 18:08:12.281300,VIN-100631,2100,90,NONE
2026-06-28 18:08:12.281305,VIN-100632,2100,90,NONE
2026-06-28 18:08:12.281309,VIN-100633,2100,90,NONE
2026-06-28 18:08:12.281314,VIN-100634,2100,90,NONE
2026-06-28 18:08:12.281318,VIN-100635,2100,90,NONE
2026-06-28 18:08:12.281323,VIN-100636,2100,90,NONE
2026-06-28 18:08:12.281328,VIN-100637,2100,90,NONE
2026-06-28 18:08:12.281332,VIN-100638,2100,90,NONE
2026-06-28 18:08:12.281337,VIN-100639,2100,90,NONE
2026-06-28 18:08:12.281342,VIN-100640,2100,90,NONE
2026-06-28 18:08:12.281346,VIN-100641,2100,90,NONE
2026-06-28 18:08:12.281351,VIN-100642,2100,90,NONE
2026-06-28 18:08:12.281356,VIN-100643,2100,90,NONE
2026-06-28 18:08:12.281361,VIN-100644,2100,90,NONE
2026-06-28 18:08:12.281365,VIN-100645,2100,90,NONE
2026-06-28 18:08:12.281371,VIN-100646,2100,90,NONE
2026-06-28 18:08:12.281375,VIN-100647,2100,90,NONE
2026-06-28 18:08:12.281380,VIN-100648,2100,90,NONE
2026-06-28 18:08:12.281384,VIN-100649,2100,90,NONE
2026-06-28 18:08:12.281389,VIN-100650,2100,90,P0300
2026-06-28 18:08:12.281393,VIN-100651,2100,90,NONE
2026-06-28 18:08:12.281397,VIN-100652,2100,90,NONE
2026-06-28 18:08:12.281402,VIN-100653,2100,90,NONE
2026-06-28 18:08:12.281406,VIN-100654,2100,90,NONE
2026-06-28 18:08:12.281411,VIN-100655,2100,90,NONE
2026-06-28 18:08:12.281415,VIN-100656,2100,90,NONE
2026-06-28 18:08:12.281419,VIN-100657,2100,90,NONE
2026-06-28 18:08:12.281424,VIN-100658,2100,90,NONE
2026-06-28 18:08:12.281428,VIN-100659,2100,90,NONE
2026-06-28 18:08:12.281433,VIN-100660,2100,90,NONE
2026-06-28 18:08:12.281442,VIN-100661,2100,90,NONE
2026-06-28 18:08:12.281449,VIN-100662,2100,90,NONE
2026-06-28 18:08:12.281457,VIN-100663,2100,90,NONE
2026-06-28 18:08:12.281465,VIN-100664,2100,90,NONE
2026-06-28 18:08:12.281472,VIN-100665,2100,90,NONE
2026-06-28 18:08:12.281480,VIN-100666,2100,90,NONE
2026-06-28 18:08:12.281487,VIN-100667,2100,90,NONE
2026-06-28 18:08:12.281495,VIN-100668,2100,90,NONE
2026-06-28 18:08:12.281502,VIN-100669,2100,90,NONE
2026-06-28 18:08:12.281510,VIN-100670,2100,90,NONE
2026-06-28 18:08:12.281517,VIN-100671,2100,90,NONE
2026-06-28 18:08:12.281525,VIN-100672,2100,90,NONE
2026-06-28 18:08:12.281533,VIN-100673,2100,90,NONE
2026-06-28 18:08:12.281540,VIN-100674,2100,90,NONE
2026-06-28 18:08:12.281548,VIN-100675,2100,90,P0171
2026-06-28 18:08:12.281556,VIN-100676,2100,90,NONE
2026-06-28 18:08:12.281564,VIN-100677,2100,90,NONE
2026-06-28 18:08:12.281571,VIN-100678,2100,90,NONE
2026-06-28 18:08:12.281579,VIN-100679,2100,90,NONE
2026-06-28 18:08:12.281587,VIN-100680,2100,90,NONE
2026-06-28 18:08:12.281595,VIN-100681,2100,90,NONE
2026-06-28 18:08:12.281603,VIN-100682,2100,90,NONE
2026-06-28 18:08:12.281611,VIN-100683,2100,90,NONE
2026-06-28 18:08:12.281619,VIN-100684,2100,90,NONE
2026-06-28 18:08:12.281627,VIN-100685,2100,90,NONE
2026-06-28 18:08:12.281635,VIN-100686,2100,90,NONE
2026-06-28 18:08:12.281642,VIN-100687,2100,90,NONE
2026-06-28 18:08:12.281650,VIN-100688,2100,90,NONE
2026-06-28 18:08:12.281658,VIN-100689,2100,90,NONE
2026-06-28 18:08:12.281666,VIN-100690,2100,90,NONE
2026-06-28 18:08:12.281674,VIN-100691,2100,90,NONE
2026-06-28 18:08:12.281682,VIN-100692,2100,90,NONE
2026-06-28 18:08:12.281689,VIN-100693,2100,90,NONE
2026-06-28 18:08:12.281697,VIN-100694,2100,90,NONE
2026-06-28 18:08:12.281705,VIN-100695,2100,90,NONE
2026-06-28 18:08:12.281768,VIN-100696,2100,90,NONE
2026-06-28 18:08:12.281781,VIN-100697,2100,90,NONE
2026-06-28 18:08:12.281790,VIN-100698,2100,90,NONE
2026-06-28 18:08:12.281799,VIN-100699,2100,90,NONE
2026-06-28 18:08:12.281808,VIN-100700,2100,90,P0300
2026-06-28 18:08:12.281817,VIN-100701,2100,90,NONE
2026-06-28 18:08:12.281826,VIN-100702,2100,90,NONE
2026-06-28 18:08:12.281835,VIN-100703,2100,90,NONE
2026-06-28 18:08:12.281844,VIN-100704,2100,90,NONE
2026-06-28 18:08:12.281851,VIN-100705,2100,90,NONE
2026-06-28 18:08:12.281860,VIN-100706,2100,90,NONE
2026-06-28 18:08:12.281868,VIN-100707,2100,90,NONE
2026-06-28 18:08:12.281877,VIN-100708,2100,90,NONE
2026-06-28 18:08:12.281885,VIN-100709,2100,90,NONE
2026-06-28 18:08:12.281894,VIN-100710,2100,90,NONE
2026-06-28 18:08:12.281902,VIN-100711,2100,90,NONE
2026-06-28 18:08:12.281910,VIN-100712,2100,90,NONE
2026-06-28 18:08:12.281919,VIN-100713,2100,90,NONE
2026-06-28 18:08:12.281927,VIN-100714,2100,90,NONE
2026-06-28 18:08:12.281936,VIN-100715,2100,90,NONE
2026-06-28 18:08:12.281944,VIN-100716,2100,90,NONE
2026-06-28 18:08:12.281953,VIN-100717,2100,90,NONE
2026-06-28 18:08:12.281961,VIN-100718,2100,90,NONE
2026-06-28 18:08:12.281970,VIN-100719,2100,90,NONE
2026-06-28 18:08:12.281979,VIN-100720,2100,90,NONE
2026-06-28 18:08:12.281988,VIN-100721,2100,90,NONE
2026-06-28 18:08:12.281996,VIN-100722,2100,90,NONE
2026-06-28 18:08:12.282005,VIN-100723,2100,90,NONE
2026-06-28 18:08:12.282014,VIN-100724,2100,90,NONE
2026-06-28 18:08:12.282023,VIN-100725,2100,90,NONE
2026-06-28 18:08:12.282032,VIN-100726,2100,90,NONE
2026-06-28 18:08:12.282041,VIN-100727,2100,90,NONE
2026-06-28 18:08:12.282050,VIN-100728,2100,90,NONE
2026-06-28 18:08:12.282058,VIN-100729,2100,90,NONE
2026-06-28 18:08:12.282067,VIN-100730,2100,90,NONE
2026-06-28 18:08:12.282076,VIN-100731,2100,90,NONE
2026-06-28 18:08:12.282085,VIN-100732,2100,90,NONE
2026-06-28 18:08:12.282093,VIN-100733,2100,90,NONE
2026-06-28 18:08:12.282101,VIN-100734,2100,90,NONE
2026-06-28 18:08:12.282110,VIN-100735,2100,90,NONE
2026-06-28 18:08:12.282120,VIN-100736,2100,90,NONE
2026-06-28 18:08:12.282128,VIN-100737,2100,90,NONE
2026-06-28 18:08:12.282137,VIN-100738,2100,90,NONE
2026-06-28 18:08:12.282145,VIN-100739,2100,90,NONE
2026-06-28 18:08:12.282154,VIN-100740,2100,90,NONE
2026-06-28 18:08:12.282162,VIN-100741,2100,90,NONE
2026-06-28 18:08:12.282170,VIN-100742,2100,90,NONE
2026-06-28 18:08:12.282179,VIN-100743,2100,90,NONE
2026-06-28 18:08:12.282188,VIN-100744,2100,90,NONE
2026-06-28 18:08:12.282197,VIN-100745,2100,90,NONE
2026-06-28 18:08:12.282206,VIN-100746,2100,90,NONE
2026-06-28 18:08:12.282215,VIN-100747,2100,90,NONE
2026-06-28 18:08:12.282223,VIN-100748,2100,90,NONE
2026-06-28 18:08:12.282231,VIN-100749,2100,90,NONE
2026-06-28 18:08:12.282239,VIN-100750,2100,90,P0300
2026-06-28 18:08:12.282247,VIN-100751,2100,90,NONE
2026-06-28 18:08:12.282256,VIN-100752,2100,90,NONE
2026-06-28 18:08:12.282264,VIN-100753,2100,90,NONE
2026-06-28 18:08:12.282272,VIN-100754,2100,90,NONE
2026-06-28 18:08:12.282280,VIN-100755,2100,90,NONE
2026-06-28 18:08:12.282289,VIN-100756,2100,90,NONE
2026-06-28 18:08:12.282297,VIN-100757,2100,90,NONE
2026-06-28 18:08:12.282305,VIN-100758,2100,90,NONE
2026-06-28 18:08:12.282314,VIN-100759,2100,90,NONE
2026-06-28 18:08:12.282322,VIN-100760,2100,90,NONE
2026-06-28 18:08:12.282331,VIN-100761,2100,90,NONE
2026-06-28 18:08:12.282340,VIN-100762,2100,90,NONE
2026-06-28 18:08:12.282349,VIN-100763,2100,90,NONE
2026-06-28 18:08:12.282358,VIN-100764,2100,90,NONE
2026-06-28 18:08:12.282367,VIN-100765,2100,90,NONE
2026-06-28 18:08:12.282377,VIN-100766,2100,90,NONE
2026-06-28 18:08:12.282385,VIN-100767,2100,90,NONE
2026-06-28 18:08:12.282393,VIN-100768,2100,90,NONE
2026-06-28 18:08:12.282402,VIN-100769,2100,90,NONE
2026-06-28 18:08:12.282412,VIN-100770,2100,90,NONE
2026-06-28 18:08:12.282420,VIN-100771,2100,90,NONE
2026-06-28 18:08:12.282429,VIN-100772,2100,90,NONE
2026-06-28 18:08:12.282438,VIN-100773,2100,90,NONE
2026-06-28 18:08:12.282447,VIN-100774,2100,90,NONE
2026-06-28 18:08:12.282456,VIN-100775,2100,90,NONE
2026-06-28 18:08:12.282465,VIN-100776,2100,90,NONE
2026-06-28 18:08:12.282475,VIN-100777,2100,90,NONE
2026-06-28 18:08:12.282483,VIN-100778,2100,90,NONE
2026-06-28 18:08:12.282492,VIN-100779,2100,90,NONE
2026-06-28 18:08:12.282501,VIN-100780,2100,90,NONE
2026-06-28 18:08:12.282511,VIN-100781,2100,90,NONE
2026-06-28 18:08:12.282521,VIN-100782,2100,90,NONE
2026-06-28 18:08:12.282530,VIN-100783,2100,90,NONE
2026-06-28 18:08:12.282540,VIN-100784,2100,90,NONE
2026-06-28 18:08:12.282549,VIN-100785,2100,90,NONE
2026-06-28 18:08:12.282558,VIN-100786,2100,90,NONE
2026-06-28 18:08:12.282567,VIN-100787,2100,90,NONE
2026-06-28 18:08:12.282576,VIN-100788,2100,90,NONE
2026-06-28 18:08:12.282586,VIN-100789,2100,90,NONE
2026-06-28 18:08:12.282595,VIN-100790,2100,90,NONE
2026-06-28 18:08:12.282605,VIN-100791,2100,90,NONE
2026-06-28 18:08:12.282614,VIN-100792,2100,90,NONE
2026-06-28 18:08:12.282624,VIN-100793,2100,90,NONE
2026-06-28 18:08:12.282633,VIN-100794,2100,90,NONE
2026-06-28 18:08:12.282643,VIN-100795,2100,90,NONE
2026-06-28 18:08:12.282652,VIN-100796,2100,90,NONE
2026-06-28 18:08:12.282661,VIN-100797,2100,90,NONE
2026-06-28 18:08:12.282670,VIN-100798,2100,90,NONE
2026-06-28 18:08:12.282679,VIN-100799,2100,90,NONE
2026-06-28 18:08:12.282688,VIN-100800,2100,90,P0300
2026-06-28 18:08:12.282698,VIN-100801,2100,90,NONE
2026-06-28 18:08:12.282708,VIN-100802,2100,90,NONE
2026-06-28 18:08:12.282795,VIN-100803,2100,90,NONE
2026-06-28 18:08:12.282808,VIN-100804,2100,90,NONE
2026-06-28 18:08:12.282817,VIN-100805,2100,90,NONE
2026-06-28 18:08:12.282823,VIN-100806,2100,90,NONE
2026-06-28 18:08:12.282828,VIN-100807,2100,90,NONE
2026-06-28 18:08:12.282834,VIN-100808,2100,90,NONE
2026-06-28 18:08:12.282839,VIN-100809,2100,90,NONE
2026-06-28 18:08:12.282844,VIN-100810,2100,90,NONE
2026-06-28 18:08:12.282849,VIN-100811,2100,90,NONE
2026-06-28 18:08:12.282854,VIN-100812,2100,90,NONE
2026-06-28 18:08:12.282859,VIN-100813,2100,90,NONE
2026-06-28 18:08:12.282864,VIN-100814,2100,90,NONE
2026-06-28 18:08:12.282869,VIN-100815,2100,90,NONE
2026-06-28 18:08:12.282875,VIN-100816,2100,90,NONE
2026-06-28 18:08:12.282880,VIN-100817,2100,90,NONE
2026-06-28 18:08:12.282885,VIN-100818,2100,90,NONE
2026-06-28 18:08:12.282890,VIN-100819,2100,90,NONE
2026-06-28 18:08:12.282895,VIN-100820,2100,90,NONE
2026-06-28 18:08:12.282900,VIN-100821,2100,90,NONE
2026-06-28 18:08:12.282905,VIN-100822,2100,90,NONE
2026-06-28 18:08:12.282910,VIN-100823,2100,90,NONE
2026-06-28 18:08:12.282915,VIN-100824,2100,90,NONE
2026-06-28 18:08:12.282920,VIN-100825,2100,90,P0171
2026-06-28 18:08:12.282925,VIN-100826,2100,90,NONE
2026-06-28 18:08:12.282930,VIN-100827,2100,90,NONE
2026-06-28 18:08:12.282935,VIN-100828,2100,90,NONE
2026-06-28 18:08:12.282940,VIN-100829,2100,90,NONE
2026-06-28 18:08:12.282945,VIN-100830,2100,90,NONE
2026-06-28 18:08:12.282949,VIN-100831,2100,90,NONE
2026-06-28 18:08:12.282954,VIN-100832,2100,90,NONE
2026-06-28 18:08:12.282959,VIN-100833,2100,90,NONE
2026-06-28 18:08:12.282964,VIN-100834,2100,90,NONE
2026-06-28 18:08:12.282969,VIN-100835,2100,90,NONE
2026-06-28 18:08:12.282975,VIN-100836,2100,90,NONE
2026-06-28 18:08:12.282980,VIN-100837,2100,90,NONE
2026-06-28 18:08:12.282985,VIN-100838,2100,90,NONE
2026-06-28 18:08:12.282990,VIN-100839,2100,90,NONE
2026-06-28 18:08:12.282995,VIN-100840,2100,90,NONE
2026-06-28 18:08:12.283000,VIN-100841,2100,90,NONE
2026-06-28 18:08:12.283005,VIN-100842,2100,90,NONE
2026-06-28 18:08:12.283011,VIN-100843,2100,90,NONE
2026-06-28 18:08:12.283017,VIN-100844,2100,90,NONE
2026-06-28 18:08:12.283022,VIN-100845,2100,90,NONE
2026-06-28 18:08:12.283027,VIN-100846,2100,90,NONE
2026-06-28 18:08:12.283032,VIN-100847,2100,90,NONE
2026-06-28 18:08:12.283037,VIN-100848,2100,90,NONE
2026-06-28 18:08:12.283042,VIN-100849,2100,90,NONE
2026-06-28 18:08:12.283048,VIN-100850,2100,90,P0300
2026-06-28 18:08:12.283053,VIN-100851,2100,90,NONE
2026-06-28 18:08:12.283058,VIN-100852,2100,90,NONE
2026-06-28 18:08:12.283063,VIN-100853,2100,90,NONE
2026-06-28 18:08:12.283068,VIN-100854,2100,90,NONE
2026-06-28 18:08:12.283073,VIN-100855,2100,90,NONE
2026-06-28 18:08:12.283078,VIN-100856,2100,90,NONE
2026-06-28 18:08:12.283083,VIN-100857,2100,90,NONE
2026-06-28 18:08:12.283088,VIN-100858,2100,90,NONE
2026-06-28 18:08:12.283093,VIN-100859,2100,90,NONE
2026-06-28 18:08:12.283099,VIN-100860,2100,90,NONE
2026-06-28 18:08:12.283104,VIN-100861,2100,90,NONE
2026-06-28 18:08:12.283109,VIN-100862,2100,90,NONE
2026-06-28 18:08:12.283114,VIN-100863,2100,90,NONE
2026-06-28 18:08:12.283119,VIN-100864,2100,90,NONE
2026-06-28 18:08:12.283124,VIN-100865,2100,90,NONE
2026-06-28 18:08:12.283129,VIN-100866,2100,90,NONE
2026-06-28 18:08:12.283135,VIN-100867,2100,90,NONE
2026-06-28 18:08:12.283140,VIN-100868,2100,90,NONE
2026-06-28 18:08:12.283145,VIN-100869,2100,90,NONE
2026-06-28 18:08:12.283150,VIN-100870,2100,90,NONE
2026-06-28 18:08:12.283155,VIN-100871,2100,90,NONE
2026-06-28 18:08:12.283160,VIN-100872,2100,90,NONE
2026-06-28 18:08:12.283165,VIN-100873,2100,90,NONE
2026-06-28 18:08:12.283171,VIN-100874,2100,90,NONE
2026-06-28 18:08:12.283176,VIN-100875,2100,90,NONE
2026-06-28 18:08:12.283181,VIN-100876,2100,90,NONE
2026-06-28 18:08:12.283186,VIN-100877,2100,90,NONE
2026-06-28 18:08:12.283191,VIN-100878,2100,90,NONE
2026-06-28 18:08:12.283196,VIN-100879,2100,90,NONE
2026-06-28 18:08:12.283202,VIN-100880,2100,90,NONE
2026-06-28 18:08:12.283207,VIN-100881,2100,90,NONE
2026-06-28 18:08:12.283214,VIN-100882,2100,90,NONE
2026-06-28 18:08:12.283219,VIN-100883,2100,90,NONE
2026-06-28 18:08:12.283225,VIN-100884,2100,90,NONE
2026-06-28 18:08:12.283230,VIN-100885,2100,90,NONE
2026-06-28 18:08:12.283237,VIN-100886,2100,90,NONE
2026-06-28 18:08:12.283243,VIN-100887,2100,90,NONE
2026-06-28 18:08:12.283249,VIN-100888,2100,90,NONE
2026-06-28 18:08:12.283254,VIN-100889,2100,90,NONE
2026-06-28 18:08:12.283260,VIN-100890,2100,90,NONE
2026-06-28 18:08:12.283265,VIN-100891,2100,90,NONE
2026-06-28 18:08:12.283271,VIN-100892,2100,90,NONE
2026-06-28 18:08:12.283276,VIN-100893,2100,90,NONE
2026-06-28 18:08:12.283281,VIN-100894,2100,90,NONE
2026-06-28 18:08:12.283287,VIN-100895,2100,90,NONE
2026-06-28 18:08:12.283292,VIN-100896,2100,90,NONE
2026-06-28 18:08:12.283297,VIN-100897,2100,90,NONE
2026-06-28 18:08:12.283302,VIN-100898,2100,90,NONE
2026-06-28 18:08:12.283308,VIN-100899,2100,90,NONE
2026-06-28 18:08:12.283313,VIN-100900,2100,90,P0300
2026-06-28 18:08:12.283318,VIN-100901,2100,90,NONE
2026-06-28 18:08:12.283324,VIN-100902,2100,90,NONE
2026-06-28 18:08:12.283329,VIN-100903,2100,90,NONE
2026-06-28 18:08:12.283334,VIN-100904,2100,90,NONE
2026-06-28 18:08:12.283339,VIN-100905,2100,90,NONE
2026-06-28 18:08:12.283345,VIN-100906,2100,90,NONE
2026-06-28 18:08:12.283350,VIN-100907,2100,90,NONE
2026-06-28 18:08:12.283356,VIN-100908,2100,90,NONE
2026-06-28 18:08:12.283362,VIN-100909,2100,90,NONE
2026-06-28 18:08:12.283367,VIN-100910,2100,90,NONE
2026-06-28 18:08:12.283372,VIN-100911,2100,90,NONE
2026-06-28 18:08:12.283378,VIN-100912,2100,90,NONE
2026-06-28 18:08:12.283383,VIN-100913,2100,90,NONE
2026-06-28 18:08:12.283388,VIN-100914,2100,90,NONE
2026-06-28 18:08:12.283394,VIN-100915,2100,90,NONE
2026-06-28 18:08:12.283399,VIN-100916,2100,90,NONE
2026-06-28 18:08:12.283404,VIN-100917,2100,90,NONE
2026-06-28 18:08:12.283409,VIN-100918,2100,90,NONE
2026-06-28 18:08:12.283415,VIN-100919,2100,90,NONE
2026-06-28 18:08:12.283420,VIN-100920,2100,90,NONE
2026-06-28 18:08:12.283426,VIN-100921,2100,90,NONE
2026-06-28 18:08:12.283431,VIN-100922,2100,90,NONE
2026-06-28 18:08:12.283436,VIN-100923,2100,90,NONE
2026-06-28 18:08:12.283442,VIN-100924,2100,90,NONE
2026-06-28 18:08:12.283447,VIN-100925,2100,90,NONE
2026-06-28 18:08:12.283453,VIN-100926,2100,90,NONE
2026-06-28 18:08:12.283458,VIN-100927,2100,90,NONE
2026-06-28 18:08:12.283464,VIN-100928,2100,90,NONE
2026-06-28 18:08:12.283469,VIN-100929,2100,90,NONE
2026-06-28 18:08:12.283474,VIN-100930,2100,90,NONE
2026-06-28 18:08:12.283480,VIN-100931,2100,90,NONE
2026-06-28 18:08:12.283485,VIN-100932,2100,90,NONE
2026-06-28 18:08:12.283490,VIN-100933,2100,90,NONE
2026-06-28 18:08:12.283496,VIN-100934,2100,90,NONE
2026-06-28 18:08:12.283501,VIN-100935,2100,90,NONE
2026-06-28 18:08:12.283507,VIN-100936,2100,90,NONE
2026-06-28 18:08:12.283512,VIN-100937,2100,90,NONE
2026-06-28 18:08:12.283518,VIN-100938,2100,90,NONE
2026-06-28 18:08:12.283523,VIN-100939,2100,90,NONE
2026-06-28 18:08:12.283529,VIN-100940,2100,90,NONE
2026-06-28 18:08:12.283534,VIN-100941,2100,90,NONE
2026-06-28 18:08:12.283539,VIN-100942,2100,90,NONE
2026-06-28 18:08:12.283545,VIN-100943,2100,90,NONE
2026-06-28 18:08:12.283551,VIN-100944,2100,90,NONE
2026-06-28 18:08:12.283556,VIN-100945,2100,90,NONE
2026-06-28 18:08:12.283562,VIN-100946,2100,90,NONE
2026-06-28 18:08:12.283567,VIN-100947,2100,90,NONE
2026-06-28 18:08:12.283572,VIN-100948,2100,90,NONE
2026-06-28 18:08:12.283578,VIN-100949,2100,90,NONE
2026-06-28 18:08:12.283583,VIN-100950,2100,90,P0300
2026-06-28 18:08:12.283589,VIN-100951,2100,90,NONE
2026-06-28 18:08:12.283594,VIN-100952,2100,90,NONE
2026-06-28 18:08:12.283600,VIN-100953,2100,90,NONE
2026-06-28 18:08:12.283605,VIN-100954,2100,90,NONE
2026-06-28 18:08:12.283611,VIN-100955,2100,90,NONE
2026-06-28 18:08:12.283617,VIN-100956,2100,90,NONE
2026-06-28 18:08:12.283622,VIN-100957,2100,90,NONE
2026-06-28 18:08:12.283628,VIN-100958,2100,90,NONE
2026-06-28 18:08:12.283633,VIN-100959,2100,90,NONE
2026-06-28 18:08:12.283639,VIN-100960,2100,90,NONE
2026-06-28 18:08:12.283645,VIN-100961,2100,90,NONE
2026-06-28 18:08:12.283650,VIN-100962,2100,90,NONE
2026-06-28 18:08:12.283657,VIN-100963,2100,90,NONE
2026-06-28 18:08:12.283663,VIN-100964,2100,90,NONE
2026-06-28 18:08:12.283669,VIN-100965,2100,90,NONE
2026-06-28 18:08:12.283674,VIN-100966,2100,90,NONE
2026-06-28 18:08:12.283681,VIN-100967,2100,90,NONE
2026-06-28 18:08:12.283687,VIN-100968,2100,90,NONE
2026-06-28 18:08:12.283693,VIN-100969,2100,90,NONE
2026-06-28 18:08:12.283699,VIN-100970,2100,90,NONE
2026-06-28 18:08:12.283761,VIN-100971,2100,90,NONE
2026-06-28 18:08:12.283776,VIN-100972,2100,90,NONE
2026-06-28 18:08:12.283782,VIN-100973,2100,90,NONE
2026-06-28 18:08:12.283788,VIN-100974,2100,90,NONE
2026-06-28 18:08:12.283794,VIN-100975,2100,90,P0171
2026-06-28 18:08:12.283800,VIN-100976,2100,90,NONE
2026-06-28 18:08:12.283806,VIN-100977,2100,90,NONE
2026-06-28 18:08:12.283812,VIN-100978,2100,90,NONE
2026-06-28 18:08:12.283818,VIN-100979,2100,90,NONE
2026-06-28 18:08:12.283824,VIN-100980,2100,90,NONE
2026-06-28 18:08:12.283829,VIN-100981,2100,90,NONE
2026-06-28 18:08:12.283835,VIN-100982,2100,90,NONE
2026-06-28 18:08:12.283843,VIN-100983,2100,90,NONE
2026-06-28 18:08:12.283854,VIN-100984,2100,90,NONE
2026-06-28 18:08:12.283864,VIN-100985,2100,90,NONE
2026-06-28 18:08:12.283875,VIN-100986,2100,90,NONE
2026-06-28 18:08:12.283886,VIN-100987,2100,90,NONE
2026-06-28 18:08:12.283896,VIN-100988,2100,90,NONE
2026-06-28 18:08:12.283907,VIN-100989,2100,90,NONE
2026-06-28 18:08:12.283918,VIN-100990,2100,90,NONE
2026-06-28 18:08:12.283929,VIN-100991,2100,90,NONE
2026-06-28 18:08:12.283940,VIN-100992,2100,90,NONE
2026-06-28 18:08:12.283951,VIN-100993,2100,90,NONE
2026-06-28 18:08:12.283962,VIN-100994,2100,90,NONE
2026-06-28 18:08:12.283972,VIN-100995,2100,90,NONE
2026-06-28 18:08:12.283983,VIN-100996,2100,90,NONE
2026-06-28 18:08:12.283993,VIN-100997,2100,90,NONE
2026-06-28 18:08:12.284004,VIN-100998,2100,90,NONE
2026-06-28 18:08:12.284014,VIN-100999,2100,90,NONE
2026-06-28 18:08:12.284024,VIN-101000,2100,90,P0300
