timestamp,vehicle_id,engine_rpm,coolant_temp_c,fault_code
2026-06-28 16:29:46.741530,VIN-100001,2100,90,NONE
2026-06-28 16:29:46.741545,VIN-100002,2100,90,NONE
2026-06-28 16:29:46.741548,VIN-100003,2100,90,NONE
2026-06-28 16:29:46.741551,VIN-100004,2100,90,NONE
2026-06-28 16:29:46.741553,VIN-100005,2100,90,NONE
2026-06-28 16:29:46.741563,VIN-100006,2100,90,NONE
2026-06-28 16:29:46.741569,VIN-100007,2100,90,NONE
2026-06-28 16:29:46.741575,VIN-100008,2100,90,NONE
2026-06-28 16:29:46.741578,VIN-100009,2100,90,NONE
2026-06-28 16:29:46.741581,VIN-100010,2100,90,NONE
2026-06-28 16:29:46.741584,VIN-100011,2100,90,NONE
2026-06-28 16:29:46.741586,VIN-100012,2100,90,NONE
2026-06-28 16:29:46.741588,VIN-100013,2100,90,NONE
2026-06-28 16:29:46.741591,VIN-100014,2100,90,NONE
2026-06-28 16:29:46.741593,VIN-100015,2100,90,NONE
2026-06-28 16:29:46.741596,VIN-100016,2100,90,NONE
2026-06-28 16:29:46.741598,VIN-100017,2100,90,NONE
2026-06-28 16:29:46.741601,VIN-100018,2100,90,NONE
2026-06-28 16:29:46.741603,VIN-100019,2100,90,NONE
2026-06-28 16:29:46.741606,VIN-100020,2100,90,NONE
2026-06-28 16:29:46.741609,VIN-100021,2100,90,NONE
2026-06-28 16:29:46.741611,VIN-100022,2100,90,NONE
2026-06-28 16:29:46.741614,VIN-100023,2100,90,NONE
2026-06-28 16:29:46.741616,VIN-100024,2100,90,NONE
2026-06-28 16:29:46.741619,VIN-100025,2100,90,NONE
2026-06-28 16:29:46.741621,VIN-100026,2100,90,NONE
2026-06-28 16:29:46.741623,VIN-100027,2100,90,NONE
2026-06-28 16:29:46.741626,VIN-100028,2100,90,NONE
2026-06-28 16:29:46.741628,VIN-100029,2100,90,NONE
2026-06-28 16:29:46.741630,VIN-100030,2100,90,NONE
2026-06-28 16:29:46.741633,VIN-100031,2100,90,NONE
2026-06-28 16:29:46.741635,VIN-100032,2100,90,NONE
2026-06-28 16:29:46.741638,VIN-100033,2100,90,NONE
2026-06-28 16:29:46.741640,VIN-100034,2100,90,NONE
2026-06-28 16:29:46.741642,VIN-100035,2100,90,NONE
2026-06-28 16:29:46.741645,VIN-100036,2100,90,NONE
2026-06-28 16:29:46.741647,VIN-100037,2100,90,NONE
2026-06-28 16:29:46.741649,VIN-100038,2100,90,NONE
2026-06-28 16:29:46.741652,VIN-100039,2100,90,NONE
2026-06-28 16:29:46.741654,VIN-100040,2100,90,NONE
2026-06-28 16:29:46.741657,VIN-100041,2100,90,NONE
2026-06-28 16:29:46.741659,VIN-100042,2100,90,NONE
2026-06-28 16:29:46.741661,VIN-100043,2100,90,NONE
2026-06-28 16:29:46.741664,VIN-100044,2100,90,NONE
2026-06-28 16:29:46.741666,VIN-100045,2100,90,NONE
2026-06-28 16:29:46.741669,VIN-100046,2100,90,NONE
2026-06-28 16:29:46.741671,VIN-100047,2100,90,NONE
2026-06-28 16:29:46.741673,VIN-100048,2100,90,NONE
2026-06-28 16:29:46.741676,VIN-100049,2100,90,NONE
2026-06-28 16:29:46.741678,VIN-100050,2100,90,P0300
2026-06-28 16:29:46.741681,VIN-100051,2100,90,NONE
2026-06-28 16:29:46.741683,VIN-100052,2100,90,NONE
2026-06-28 16:29:46.741686,VIN-100053,2100,90,NONE
2026-06-28 16:29:46.741688,VIN-100054,2100,90,NONE
2026-06-28 16:29:46.741691,VIN-100055,2100,90,NONE
2026-06-28 16:29:46.741693,VIN-100056,2100,90,NONE
2026-06-28 16:29:46.741696,VIN-100057,2100,90,NONE
2026-06-28 16:29:46.741698,VIN-100058,2100,90,NONE
2026-06-28 16:29:46.741701,VIN-100059,2100,90,NONE
2026-06-28 16:29:46.741703,VIN-100060,2100,90,NONE
2026-06-28 16:29:46.741706,VIN-100061,2100,90,NONE
2026-06-28 16:29:46.741708,VIN-100062,2100,90,NONE
2026-06-28 16:29:46.741711,VIN-100063,2100,90,NONE
2026-06-28 16:29:46.741714,VIN-100064,2100,90,NONE
2026-06-28 16:29:46.741716,VIN-100065,2100,90,NONE
2026-06-28 16:29:46.741719,VIN-100066,2100,90,NONE
2026-06-28 16:29:46.741721,VIN-100067,2100,90,NONE
2026-06-28 16:29:46.741724,VIN-100068,2100,90,NONE
2026-06-28 16:29:46.741726,VIN-100069,2100,90,NONE
2026-06-28 16:29:46.741728,VIN-100070,2100,90,NONE
2026-06-28 16:29:46.741731,VIN-100071,2100,90,NONE
2026-06-28 16:29:46.741733,VIN-100072,2100,90,NONE
2026-06-28 16:29:46.741736,VIN-100073,2100,90,NONE
2026-06-28 16:29:46.741738,VIN-100074,2100,90,NONE
2026-06-28 16:29:46.741741,VIN-100075,2100,90,P0171
2026-06-28 16:29:46.741743,VIN-100076,2100,90,NONE
2026-06-28 16:29:46.741745,VIN-100077,2100,90,NONE
2026-06-28 16:29:46.741748,VIN-100078,2100,90,NONE
2026-06-28 16:29:46.741750,VIN-100079,2100,90,NONE
2026-06-28 16:29:46.741753,VIN-100080,2100,90,NONE
2026-06-28 16:29:46.741755,VIN-100081,2100,90,NONE
2026-06-28 16:29:46.741758,VIN-100082,2100,90,NONE
2026-06-28 16:29:46.741760,VIN-100083,2100,90,NONE
2026-06-28 16:29:46.741762,VIN-100084,2100,90,NONE
2026-06-28 16:29:46.741765,VIN-100085,2100,90,NONE
2026-06-28 16:29:46.741767,VIN-100086,2100,90,NONE
2026-06-28 16:29:46.741770,VIN-100087,2100,90,NONE
2026-06-28 16:29:46.741772,VIN-100088,2100,90,NONE
2026-06-28 16:29:46.741775,VIN-100089,2100,90,NONE
2026-06-28 16:29:46.741777,VIN-100090,2100,90,NONE
2026-06-28 16:29:46.741780,VIN-100091,2100,90,NONE
2026-06-28 16:29:46.741782,VIN-100092,2100,90,NONE
2026-06-28 16:29:46.741785,VIN-100093,2100,90,NONE
2026-06-28 16:29:46.741787,VIN-100094,2100,90,NONE
2026-06-28 16:29:46.741790,VIN-100095,2100,90,NONE
2026-06-28 16:29:46.741792,VIN-100096,2100,90,NONE
2026-06-28 16:29:46.741795,VIN-100097,2100,90,NONE
2026-06-28 16:29:46.741797,VIN-100098,2100,90,NONE
2026-06-28 16:29:46.741800,VIN-100099,2100,90,NONE
2026-06-28 16:29:46.741802,VIN-100100,2100,90,P0300
2026-06-28 16:29:46.741805,VIN-100101,2100,90,NONE
2026-06-28 16:29:46.741808,VIN-100102,2100,90,NONE
2026-06-28 16:29:46.741810,VIN-100103,2100,90,NONE
2026-06-28 16:29:46.741813,VIN-100104,2100,90,NONE
2026-06-28 16:29:46.741815,VIN-100105,2100,90,NONE
2026-06-28 16:29:46.741818,VIN-100106,2100,90,NONE
2026-06-28 16:29:46.741821,VIN-100107,2100,90,NONE
2026-06-28 16:29:46.741824,VIN-100108,2100,90,NONE
2026-06-28 16:29:46.741826,VIN-100109,2100,90,NONE
2026-06-28 16:29:46.741829,VIN-100110,2100,90,NONE
2026-06-28 16:29:46.741832,VIN-100111,2100,90,NONE
2026-06-28 16:29:46.741834,VIN-100112,2100,90,NONE
2026-06-28 16:29:46.741837,VIN-100113,2100,90,NONE
2026-06-28 16:29:46.741840,VIN-100114,2100,90,NONE
2026-06-28 16:29:46.741842,VIN-100115,2100,90,NONE
2026-06-28 16:29:46.741845,VIN-100116,2100,90,NONE
2026-06-28 16:29:46.741848,VIN-100117,2100,90,NONE
2026-06-28 16:29:46.741850,VIN-100118,2100,90,NONE
2026-06-28 16:29:46.741853,VIN-100119,2100,90,NONE
2026-06-28 16:29:46.741856,VIN-100120,2100,90,NONE
2026-06-28 16:29:46.741858,VIN-100121,2100,90,NONE
2026-06-28 16:29:46.741861,VIN-100122,2100,90,NONE
2026-06-28 16:29:46.741863,VIN-100123,2100,90,NONE
2026-06-28 16:29:46.741866,VIN-100124,2100,90,NONE
2026-06-28 16:29:46.741869,VIN-100125,2100,90,NONE
2026-06-28 16:29:46.741871,VIN-100126,2100,90,NONE
2026-06-28 16:29:46.741874,VIN-100127,2100,90,NONE
2026-06-28 16:29:46.741877,VIN-100128,2100,90,NONE
2026-06-28 16:29:46.741880,VIN-100129,2100,90,NONE
2026-06-28 16:29:46.741882,VIN-100130,2100,90,NONE
2026-06-28 16:29:46.741885,VIN-100131,2100,90,NONE
2026-06-28 16:29:46.741888,VIN-100132,2100,90,NONE
2026-06-28 16:29:46.741890,VIN-100133,2100,90,NONE
2026-06-28 16:29:46.741893,VIN-100134,2100,90,NONE
2026-06-28 16:29:46.741896,VIN-100135,2100,90,NONE
2026-06-28 16:29:46.741898,VIN-100136,2100,90,NONE
2026-06-28 16:29:46.741901,VIN-100137,2100,90,NONE
2026-06-28 16:29:46.741904,VIN-100138,2100,90,NONE
2026-06-28 16:29:46.741906,VIN-100139,2100,90,NONE
2026-06-28 16:29:46.741909,VIN-100140,2100,90,NONE
2026-06-28 16:29:46.741912,VIN-100141,2100,90,NONE
2026-06-28 16:29:46.741915,VIN-100142,2100,90,NONE
2026-06-28 16:29:46.741917,VIN-100143,2100,90,NONE
2026-06-28 16:29:46.741920,VIN-100144,2100,90,NONE
2026-06-28 16:29:46.741923,VIN-100145,2100,90,NONE
2026-06-28 16:29:46.741925,VIN-100146,2100,90,NONE
2026-06-28 16:29:46.741928,VIN-100147,2100,90,NONE
2026-06-28 16:29:46.741931,VIN-100148,2100,90,NONE
2026-06-28 16:29:46.741933,VIN-100149,2100,90,NONE
2026-06-28 16:29:46.741936,VIN-100150,2100,90,P0300
2026-06-28 16:29:46.741939,VIN-100151,2100,90,NONE
2026-06-28 16:29:46.741942,VIN-100152,2100,90,NONE
2026-06-28 16:29:46.741944,VIN-100153,2100,90,NONE
2026-06-28 16:29:46.741947,VIN-100154,2100,90,NONE
2026-06-28 16:29:46.741950,VIN-100155,2100,90,NONE
2026-06-28 16:29:46.741953,VIN-100156,2100,90,NONE
2026-06-28 16:29:46.741955,VIN-100157,2100,90,NONE
2026-06-28 16:29:46.741958,VIN-100158,2100,90,NONE
2026-06-28 16:29:46.741962,VIN-100159,2100,90,NONE
2026-06-28 16:29:46.741967,VIN-100160,2100,90,NONE
2026-06-28 16:29:46.742017,VIN-100161,2100,90,NONE
2026-06-28 16:29:46.742024,VIN-100162,2100,90,NONE
2026-06-28 16:29:46.742027,VIN-100163,2100,90,NONE
2026-06-28 16:29:46.742030,VIN-100164,2100,90,NONE
2026-06-28 16:29:46.742033,VIN-100165,2100,90,NONE
2026-06-28 16:29:46.742036,VIN-100166,2100,90,NONE
2026-06-28 16:29:46.742039,VIN-100167,2100,90,NONE
2026-06-28 16:29:46.742042,VIN-100168,2100,90,NONE
2026-06-28 16:29:46.742044,VIN-100169,2100,90,NONE
2026-06-28 16:29:46.742047,VIN-100170,2100,90,NONE
2026-06-28 16:29:46.742050,VIN-100171,2100,90,NONE
2026-06-28 16:29:46.742053,VIN-100172,2100,90,NONE
2026-06-28 16:29:46.742056,VIN-100173,2100,90,NONE
2026-06-28 16:29:46.742059,VIN-100174,2100,90,NONE
2026-06-28 16:29:46.742062,VIN-100175,2100,90,NONE
2026-06-28 16:29:46.742065,VIN-100176,2100,90,NONE
2026-06-28 16:29:46.742068,VIN-100177,2100,90,NONE
2026-06-28 16:29:46.742071,VIN-100178,2100,90,NONE
2026-06-28 16:29:46.742074,VIN-100179,2100,90,NONE
2026-06-28 16:29:46.742076,VIN-100180,2100,90,NONE
2026-06-28 16:29:46.742080,VIN-100181,2100,90,NONE
2026-06-28 16:29:46.742082,VIN-100182,2100,90,NONE
2026-06-28 16:29:46.742085,VIN-100183,2100,90,NONE
2026-06-28 16:29:46.742088,VIN-100184,2100,90,NONE
2026-06-28 16:29:46.742091,VIN-100185,2100,90,NONE
2026-06-28 16:29:46.742094,VIN-100186,2100,90,NONE
2026-06-28 16:29:46.742097,VIN-100187,2100,90,NONE
2026-06-28 16:29:46.742100,VIN-100188,2100,90,NONE
2026-06-28 16:29:46.742103,VIN-100189,2100,90,NONE
2026-06-28 16:29:46.742106,VIN-100190,2100,90,NONE
2026-06-28 16:29:46.742109,VIN-100191,2100,90,NONE
2026-06-28 16:29:46.742112,VIN-100192,2100,90,NONE
2026-06-28 16:29:46.742115,VIN-100193,2100,90,NONE
2026-06-28 16:29:46.742118,VIN-100194,2100,90,NONE
2026-06-28 16:29:46.742120,VIN-100195,2100,90,NONE
2026-06-28 16:29:46.742123,VIN-100196,2100,90,NONE
2026-06-28 16:29:46.742126,VIN-100197,2100,90,NONE
2026-06-28 16:29:46.742129,VIN-100198,2100,90,NONE
2026-06-28 16:29:46.742132,VIN-100199,2100,90,NONE
2026-06-28 16:29:46.742135,VIN-100200,2100,90,P0300
2026-06-28 16:29:46.742138,VIN-100201,2100,90,NONE
2026-06-28 16:29:46.742141,VIN-100202,2100,90,NONE
2026-06-28 16:29:46.742144,VIN-100203,2100,90,NONE
2026-06-28 16:29:46.742147,VIN-100204,2100,90,NONE
2026-06-28 16:29:46.742150,VIN-100205,2100,90,NONE
2026-06-28 16:29:46.742153,VIN-100206,2100,90,NONE
2026-06-28 16:29:46.742156,VIN-100207,2100,90,NONE
2026-06-28 16:29:46.742159,VIN-100208,2100,90,NONE
2026-06-28 16:29:46.742161,VIN-100209,2100,90,NONE
2026-06-28 16:29:46.742165,VIN-100210,2100,90,NONE
2026-06-28 16:29:46.742168,VIN-100211,2100,90,NONE
2026-06-28 16:29:46.742171,VIN-100212,2100,90,NONE
2026-06-28 16:29:46.742174,VIN-100213,2100,90,NONE
2026-06-28 16:29:46.742177,VIN-100214,2100,90,NONE
2026-06-28 16:29:46.742180,VIN-100215,2100,90,NONE
2026-06-28 16:29:46.742183,VIN-100216,2100,90,NONE
2026-06-28 16:29:46.742186,VIN-100217,2100,90,NONE
2026-06-28 16:29:46.742189,VIN-100218,2100,90,NONE
2026-06-28 16:29:46.742192,VIN-100219,2100,90,NONE
2026-06-28 16:29:46.742195,VIN-100220,2100,90,NONE
2026-06-28 16:29:46.742198,VIN-100221,2100,90,NONE
2026-06-28 16:29:46.742201,VIN-100222,2100,90,NONE
2026-06-28 16:29:46.742204,VIN-100223,2100,90,NONE
2026-06-28 16:29:46.742207,VIN-100224,2100,90,NONE
2026-06-28 16:29:46.742211,VIN-100225,2100,90,P0171
2026-06-28 16:29:46.742214,VIN-100226,2100,90,NONE
2026-06-28 16:29:46.742217,VIN-100227,2100,90,NONE
2026-06-28 16:29:46.742220,VIN-100228,2100,90,NONE
2026-06-28 16:29:46.742223,VIN-100229,2100,90,NONE
2026-06-28 16:29:46.742226,VIN-100230,2100,90,NONE
2026-06-28 16:29:46.742229,VIN-100231,2100,90,NONE
2026-06-28 16:29:46.742232,VIN-100232,2100,90,NONE
2026-06-28 16:29:46.742234,VIN-100233,2100,90,NONE
2026-06-28 16:29:46.742238,VIN-100234,2100,90,NONE
2026-06-28 16:29:46.742241,VIN-100235,2100,90,NONE
2026-06-28 16:29:46.742244,VIN-100236,2100,90,NONE
2026-06-28 16:29:46.742247,VIN-100237,2100,90,NONE
2026-06-28 16:29:46.742250,VIN-100238,2100,90,NONE
2026-06-28 16:29:46.742253,VIN-100239,2100,90,NONE
2026-06-28 16:29:46.742256,VIN-100240,2100,90,NONE
2026-06-28 16:29:46.742259,VIN-100241,2100,90,NONE
2026-06-28 16:29:46.742263,VIN-100242,2100,90,NONE
2026-06-28 16:29:46.742266,VIN-100243,2100,90,NONE
2026-06-28 16:29:46.742269,VIN-100244,2100,90,NONE
2026-06-28 16:29:46.742273,VIN-100245,2100,90,NONE
2026-06-28 16:29:46.742276,VIN-100246,2100,90,NONE
2026-06-28 16:29:46.742279,VIN-100247,2100,90,NONE
2026-06-28 16:29:46.742282,VIN-100248,2100,90,NONE
2026-06-28 16:29:46.742285,VIN-100249,2100,90,NONE
2026-06-28 16:29:46.742288,VIN-100250,2100,90,P0300
2026-06-28 16:29:46.742291,VIN-100251,2100,90,NONE
2026-06-28 16:29:46.742294,VIN-100252,2100,90,NONE
2026-06-28 16:29:46.742297,VIN-100253,2100,90,NONE
2026-06-28 16:29:46.742300,VIN-100254,2100,90,NONE
2026-06-28 16:29:46.742303,VIN-100255,2100,90,NONE
2026-06-28 16:29:46.742306,VIN-100256,2100,90,NONE
2026-06-28 16:29:46.742310,VIN-100257,2100,90,NONE
2026-06-28 16:29:46.742313,VIN-100258,2100,90,NONE
2026-06-28 16:29:46.742316,VIN-100259,2100,90,NONE
2026-06-28 16:29:46.742319,VIN-100260,2100,90,NONE
2026-06-28 16:29:46.742322,VIN-100261,2100,90,NONE
2026-06-28 16:29:46.742325,VIN-100262,2100,90,NONE
2026-06-28 16:29:46.742329,VIN-100263,2100,90,NONE
2026-06-28 16:29:46.742332,VIN-100264,2100,90,NONE
2026-06-28 16:29:46.742335,VIN-100265,2100,90,NONE
2026-06-28 16:29:46.742338,VIN-100266,2100,90,NONE
2026-06-28 16:29:46.742341,VIN-100267,2100,90,NONE
2026-06-28 16:29:46.742344,VIN-100268,2100,90,NONE
2026-06-28 16:29:46.742347,VIN-100269,2100,90,NONE
2026-06-28 16:29:46.742351,VIN-100270,2100,90,NONE
2026-06-28 16:29:46.742354,VIN-100271,2100,90,NONE
2026-06-28 16:29:46.742357,VIN-100272,2100,90,NONE
2026-06-28 16:29:46.742360,VIN-100273,2100,90,NONE
2026-06-28 16:29:46.742363,VIN-100274,2100,90,NONE
2026-06-28 16:29:46.742366,VIN-100275,2100,90,NONE
2026-06-28 16:29:46.742369,VIN-100276,2100,90,NONE
2026-06-28 16:29:46.742373,VIN-100277,2100,90,NONE
2026-06-28 16:29:46.742376,VIN-100278,2100,90,NONE
2026-06-28 16:29:46.742379,VIN-100279,2100,90,NONE
2026-06-28 16:29:46.742382,VIN-100280,2100,90,NONE
2026-06-28 16:29:46.742385,VIN-100281,2100,90,NONE
2026-06-28 16:29:46.742388,VIN-100282,2100,90,NONE
2026-06-28 16:29:46.742391,VIN-100283,2100,90,NONE
2026-06-28 16:29:46.742395,VIN-100284,2100,90,NONE
2026-06-28 16:29:46.742398,VIN-100285,2100,90,NONE
2026-06-28 16:29:46.742401,VIN-100286,2100,90,NONE
2026-06-28 16:29:46.742404,VIN-100287,2100,90,NONE
2026-06-28 16:29:46.742407,VIN-100288,2100,90,NONE
2026-06-28 16:29:46.742411,VIN-100289,2100,90,NONE
2026-06-28 16:29:46.742414,VIN-100290,2100,90,NONE
2026-06-28 16:29:46.742417,VIN-100291,2100,90,NONE
2026-06-28 16:29:46.742420,VIN-100292,2100,90,NONE
2026-06-28 16:29:46.742423,VIN-100293,2100,90,NONE
2026-06-28 16:29:46.742427,VIN-100294,2100,90,NONE
2026-06-28 16:29:46.742430,VIN-100295,2100,90,NONE
2026-06-28 16:29:46.742433,VIN-100296,2100,90,NONE
2026-06-28 16:29:46.742436,VIN-100297,2100,90,NONE
2026-06-28 16:29:46.742440,VIN-100298,2100,90,NONE
2026-06-28 16:29:46.742443,VIN-100299,2100,90,NONE
2026-06-28 16:29:46.742446,VIN-100300,2100,90,P0300
2026-06-28 16:29:46.742450,VIN-100301,2100,90,NONE
2026-06-28 16:29:46.742453,VIN-100302,2100,90,NONE
2026-06-28 16:29:46.742457,VIN-100303,2100,90,NONE
2026-06-28 16:29:46.742460,VIN-100304,2100,90,NONE
2026-06-28 16:29:46.742463,VIN-100305,2100,90,NONE
2026-06-28 16:29:46.742467,VIN-100306,2100,90,NONE
2026-06-28 16:29:46.742470,VIN-100307,2100,90,NONE
2026-06-28 16:29:46.742473,VIN-100308,2100,90,NONE
2026-06-28 16:29:46.742477,VIN-100309,2100,90,NONE
2026-06-28 16:29:46.742480,VIN-100310,2100,90,NONE
2026-06-28 16:29:46.742483,VIN-100311,2100,90,NONE
2026-06-28 16:29:46.742486,VIN-100312,2100,90,NONE
2026-06-28 16:29:46.742490,VIN-100313,2100,90,NONE
2026-06-28 16:29:46.742493,VIN-100314,2100,90,NONE
2026-06-28 16:29:46.742496,VIN-100315,2100,90,NONE
2026-06-28 16:29:46.742500,VIN-100316,2100,90,NONE
2026-06-28 16:29:46.742503,VIN-100317,2100,90,NONE
2026-06-28 16:29:46.742506,VIN-100318,2100,90,NONE
2026-06-28 16:29:46.742509,VIN-100319,2100,90,NONE
2026-06-28 16:29:46.742513,VIN-100320,2100,90,NONE
2026-06-28 16:29:46.742516,VIN-100321,2100,90,NONE
2026-06-28 16:29:46.742520,VIN-100322,2100,90,NONE
2026-06-28 16:29:46.742523,VIN-100323,2100,90,NONE
2026-06-28 16:29:46.742526,VIN-100324,2100,90,NONE
2026-06-28 16:29:46.742530,VIN-100325,2100,90,NONE
2026-06-28 16:29:46.742533,VIN-100326,2100,90,NONE
2026-06-28 16:29:46.742536,VIN-100327,2100,90,NONE
2026-06-28 16:29:46.742539,VIN-100328,2100,90,NONE
2026-06-28 16:29:46.742543,VIN-100329,2100,90,NONE
2026-06-28 16:29:46.742546,VIN-100330,2100,90,NONE
2026-06-28 16:29:46.742549,VIN-100331,2100,90,NONE
2026-06-28 16:29:46.742553,VIN-100332,2100,90,NONE
2026-06-28 16:29:46.742556,VIN-100333,2100,90,NONE
2026-06-28 16:29:46.742559,VIN-100334,2100,90,NONE
2026-06-28 16:29:46.742563,VIN-100335,2100,90,NONE
2026-06-28 16:29:46.742566,VIN-100336,2100,90,NONE
2026-06-28 16:29:46.742569,VIN-100337,2100,90,NONE
2026-06-28 16:29:46.742573,VIN-100338,2100,90,NONE
2026-06-28 16:29:46.742576,VIN-100339,2100,90,NONE
2026-06-28 16:29:46.742579,VIN-100340,2100,90,NONE
2026-06-28 16:29:46.742583,VIN-100341,2100,90,NONE
2026-06-28 16:29:46.742586,VIN-100342,2100,90,NONE
2026-06-28 16:29:46.742590,VIN-100343,2100,90,NONE
2026-06-28 16:29:46.742593,VIN-100344,2100,90,NONE
2026-06-28 16:29:46.742596,VIN-100345,2100,90,NONE
2026-06-28 16:29:46.742600,VIN-100346,2100,90,NONE
2026-06-28 16:29:46.742603,VIN-100347,2100,90,NONE
2026-06-28 16:29:46.742607,VIN-100348,2100,90,NONE
2026-06-28 16:29:46.742610,VIN-100349,2100,90,NONE
2026-06-28 16:29:46.742613,VIN-100350,2100,90,P0300
2026-06-28 16:29:46.742617,VIN-100351,2100,90,NONE
2026-06-28 16:29:46.742620,VIN-100352,2100,90,NONE
2026-06-28 16:29:46.742624,VIN-100353,2100,90,NONE
2026-06-28 16:29:46.742627,VIN-100354,2100,90,NONE
2026-06-28 16:29:46.742631,VIN-100355,2100,90,NONE
2026-06-28 16:29:46.742634,VIN-100356,2100,90,NONE
2026-06-28 16:29:46.742637,VIN-100357,2100,90,NONE
2026-06-28 16:29:46.742641,VIN-100358,2100,90,NONE
2026-06-28 16:29:46.742644,VIN-100359,2100,90,NONE
2026-06-28 16:29:46.742648,VIN-100360,2100,90,NONE
2026-06-28 16:29:46.742651,VIN-100361,2100,90,NONE
2026-06-28 16:29:46.742655,VIN-100362,2100,90,NONE
2026-06-28 16:29:46.742658,VIN-100363,2100,90,NONE
2026-06-28 16:29:46.742662,VIN-100364,2100,90,NONE
2026-06-28 16:29:46.742665,VIN-100365,2100,90,NONE
2026-06-28 16:29:46.742669,VIN-100366,2100,90,NONE
2026-06-28 16:29:46.742672,VIN-100367,2100,90,NONE
2026-06-28 16:29:46.742676,VIN-100368,2100,90,NONE
2026-06-28 16:29:46.742679,VIN-100369,2100,90,NONE
2026-06-28 16:29:46.742683,VIN-100370,2100,90,NONE
2026-06-28 16:29:46.742686,VIN-100371,2100,90,NONE
2026-06-28 16:29:46.742690,VIN-100372,2100,90,NONE
2026-06-28 16:29:46.742693,VIN-100373,2100,90,NONE
2026-06-28 16:29:46.742697,VIN-100374,2100,90,NONE
2026-06-28 16:29:46.742701,VIN-100375,2100,90,P0171
2026-06-28 16:29:46.742704,VIN-100376,2100,90,NONE
2026-06-28 16:29:46.742708,VIN-100377,2100,90,NONE
2026-06-28 16:29:46.742711,VIN-100378,2100,90,NONE
2026-06-28 16:29:46.742715,VIN-100379,2100,90,NONE
2026-06-28 16:29:46.742718,VIN-100380,2100,90,NONE
2026-06-28 16:29:46.742722,VIN-100381,2100,90,NONE
2026-06-28 16:29:46.742725,VIN-100382,2100,90,NONE
2026-06-28 16:29:46.742729,VIN-100383,2100,90,NONE
2026-06-28 16:29:46.742732,VIN-100384,2100,90,NONE
2026-06-28 16:29:46.742736,VIN-100385,2100,90,NONE
2026-06-28 16:29:46.742739,VIN-100386,2100,90,NONE
2026-06-28 16:29:46.742743,VIN-100387,2100,90,NONE
2026-06-28 16:29:46.742747,VIN-100388,2100,90,NONE
2026-06-28 16:29:46.742750,VIN-100389,2100,90,NONE
2026-06-28 16:29:46.742754,VIN-100390,2100,90,NONE
2026-06-28 16:29:46.742757,VIN-100391,2100,90,NONE
2026-06-28 16:29:46.742761,VIN-100392,2100,90,NONE
2026-06-28 16:29:46.742765,VIN-100393,2100,90,NONE
2026-06-28 16:29:46.742768,VIN-100394,2100,90,NONE
2026-06-28 16:29:46.742772,VIN-100395,2100,90,NONE
2026-06-28 16:29:46.742775,VIN-100396,2100,90,NONE
2026-06-28 16:29:46.742779,VIN-100397,2100,90,NONE
2026-06-28 16:29:46.742783,VIN-100398,2100,90,NONE
2026-06-28 16:29:46.742787,VIN-100399,2100,90,NONE
2026-06-28 16:29:46.742790,VIN-100400,2100,90,P0300
2026-06-28 16:29:46.742794,VIN-100401,2100,90,NONE
2026-06-28 16:29:46.742798,VIN-100402,2100,90,NONE
2026-06-28 16:29:46.742802,VIN-100403,2100,90,NONE
2026-06-28 16:29:46.742805,VIN-100404,2100,90,NONE
2026-06-28 16:29:46.742810,VIN-100405,2100,90,NONE
2026-06-28 16:29:46.742813,VIN-100406,2100,90,NONE
2026-06-28 16:29:46.742817,VIN-100407,2100,90,NONE
2026-06-28 16:29:46.742821,VIN-100408,2100,90,NONE
2026-06-28 16:29:46.742825,VIN-100409,2100,90,NONE
2026-06-28 16:29:46.742828,VIN-100410,2100,90,NONE
2026-06-28 16:29:46.742833,VIN-100411,2100,90,NONE
2026-06-28 16:29:46.742836,VIN-100412,2100,90,NONE
2026-06-28 16:29:46.742840,VIN-100413,2100,90,NONE
2026-06-28 16:29:46.742843,VIN-100414,2100,90,NONE
2026-06-28 16:29:46.742847,VIN-100415,2100,90,NONE
2026-06-28 16:29:46.742851,VIN-100416,2100,90,NONE
2026-06-28 16:29:46.742854,VIN-100417,2100,90,NONE
2026-06-28 16:29:46.742858,VIN-100418,2100,90,NONE
2026-06-28 16:29:46.742862,VIN-100419,2100,90,NONE
2026-06-28 16:29:46.742865,VIN-100420,2100,90,NONE
2026-06-28 16:29:46.742869,VIN-100421,2100,90,NONE
2026-06-28 16:29:46.742873,VIN-100422,2100,90,NONE
2026-06-28 16:29:46.742876,VIN-100423,2100,90,NONE
2026-06-28 16:29:46.742880,VIN-100424,2100,90,NONE
2026-06-28 16:29:46.742884,VIN-100425,2100,90,NONE
2026-06-28 16:29:46.742887,VIN-100426,2100,90,NONE
2026-06-28 16:29:46.742891,VIN-100427,2100,90,NONE
2026-06-28 16:29:46.742895,VIN-100428,2100,90,NONE
2026-06-28 16:29:46.742898,VIN-100429,2100,90,NONE
2026-06-28 16:29:46.742902,VIN-100430,2100,90,NONE
2026-06-28 16:29:46.742906,VIN-100431,2100,90,NONE
2026-06-28 16:29:46.742910,VIN-100432,2100,90,NONE
2026-06-28 16:29:46.742913,VIN-100433,2100,90,NONE
2026-06-28 16:29:46.742917,VIN-100434,2100,90,NONE
2026-06-28 16:29:46.742921,VIN-100435,2100,90,NONE
2026-06-28 16:29:46.742925,VIN-100436,2100,90,NONE
2026-06-28 16:29:46.742928,VIN-100437,2100,90,NONE
2026-06-28 16:29:46.742932,VIN-100438,2100,90,NONE
2026-06-28 16:29:46.742937,VIN-100439,2100,90,NONE
2026-06-28 16:29:46.742942,VIN-100440,2100,90,NONE
2026-06-28 16:29:46.743030,VIN-100441,2100,90,NONE
2026-06-28 16:29:46.743040,VIN-100442,2100,90,NONE
2026-06-28 16:29:46.743045,VIN-100443,2100,90,NONE
2026-06-28 16:29:46.743048,VIN-100444,2100,90,NONE
2026-06-28 16:29:46.743052,VIN-100445,2100,90,NONE
2026-06-28 16:29:46.743056,VIN-100446,2100,90,NONE
2026-06-28 16:29:46.743060,VIN-100447,2100,90,NONE
2026-06-28 16:29:46.743064,VIN-100448,2100,90,NONE
2026-06-28 16:29:46.743068,VIN-100449,2100,90,NONE
2026-06-28 16:29:46.743072,VIN-100450,2100,90,P0300
2026-06-28 16:29:46.743076,VIN-100451,2100,90,NONE
2026-06-28 16:29:46.743079,VIN-100452,2100,90,NONE
2026-06-28 16:29:46.743084,VIN-100453,2100,90,NONE
2026-06-28 16:29:46.743088,VIN-100454,2100,90,NONE
2026-06-28 16:29:46.743091,VIN-100455,2100,90,NONE
2026-06-28 16:29:46.743095,VIN-100456,2100,90,NONE
2026-06-28 16:29:46.743100,VIN-100457,2100,90,NONE
2026-06-28 16:29:46.743103,VIN-100458,2100,90,NONE
2026-06-28 16:29:46.743107,VIN-100459,2100,90,NONE
2026-06-28 16:29:46.743111,VIN-100460,2100,90,NONE
2026-06-28 16:29:46.743115,VIN-100461,2100,90,NONE
2026-06-28 16:29:46.743118,VIN-100462,2100,90,NONE
2026-06-28 16:29:46.743122,VIN-100463,2100,90,NONE
2026-06-28 16:29:46.743126,VIN-100464,2100,90,NONE
2026-06-28 16:29:46.743131,VIN-100465,2100,90,NONE
2026-06-28 16:29:46.743134,VIN-100466,2100,90,NONE
2026-06-28 16:29:46.743139,VIN-100467,2100,90,NONE
2026-06-28 16:29:46.743143,VIN-100468,2100,90,NONE
2026-06-28 16:29:46.743147,VIN-100469,2100,90,NONE
2026-06-28 16:29:46.743150,VIN-100470,2100,90,NONE
2026-06-28 16:29:46.743155,VIN-100471,2100,90,NONE
2026-06-28 16:29:46.743159,VIN-100472,2100,90,NONE
2026-06-28 16:29:46.743163,VIN-100473,2100,90,NONE
2026-06-28 16:29:46.743167,VIN-100474,2100,90,NONE
2026-06-28 16:29:46.743172,VIN-100475,2100,90,NONE
2026-06-28 16:29:46.743175,VIN-100476,2100,90,NONE
2026-06-28 16:29:46.743180,VIN-100477,2100,90,NONE
2026-06-28 16:29:46.743184,VIN-100478,2100,90,NONE
2026-06-28 16:29:46.743188,VIN-100479,2100,90,NONE
2026-06-28 16:29:46.743192,VIN-100480,2100,90,NONE
2026-06-28 16:29:46.743197,VIN-100481,2100,90,NONE
2026-06-28 16:29:46.743201,VIN-100482,2100,90,NONE
2026-06-28 16:29:46.743204,VIN-100483,2100,90,NONE
2026-06-28 16:29:46.743208,VIN-100484,2100,90,NONE
2026-06-28 16:29:46.743213,VIN-100485,2100,90,NONE
2026-06-28 16:29:46.743217,VIN-100486,2100,90,NONE
2026-06-28 16:29:46.743221,VIN-100487,2100,90,NONE
2026-06-28 16:29:46.743224,VIN-100488,2100,90,NONE
2026-06-28 16:29:46.743228,VIN-100489,2100,90,NONE
2026-06-28 16:29:46.743232,VIN-100490,2100,90,NONE
2026-06-28 16:29:46.743236,VIN-100491,2100,90,NONE
2026-06-28 16:29:46.743240,VIN-100492,2100,90,NONE
2026-06-28 16:29:46.743244,VIN-100493,2100,90,NONE
2026-06-28 16:29:46.743248,VIN-100494,2100,90,NONE
2026-06-28 16:29:46.743252,VIN-100495,2100,90,NONE
2026-06-28 16:29:46.743256,VIN-100496,2100,90,NONE
2026-06-28 16:29:46.743259,VIN-100497,2100,90,NONE
2026-06-28 16:29:46.743263,VIN-100498,2100,90,NONE
2026-06-28 16:29:46.743267,VIN-100499,2100,90,NONE
2026-06-28 16:29:46.743271,VIN-100500,2100,90,P0300
2026-06-28 16:29:46.743275,VIN-100501,2100,90,NONE
2026-06-28 16:29:46.743279,VIN-100502,2100,90,NONE
2026-06-28 16:29:46.743283,VIN-100503,2100,90,NONE
2026-06-28 16:29:46.743287,VIN-100504,2100,90,NONE
2026-06-28 16:29:46.743291,VIN-100505,2100,90,NONE
2026-06-28 16:29:46.743295,VIN-100506,2100,90,NONE
2026-06-28 16:29:46.743299,VIN-100507,2100,90,NONE
2026-06-28 16:29:46.743303,VIN-100508,2100,90,NONE
2026-06-28 16:29:46.743309,VIN-100509,2100,90,NONE
2026-06-28 16:29:46.743313,VIN-100510,2100,90,NONE
2026-06-28 16:29:46.743317,VIN-100511,2100,90,NONE
2026-06-28 16:29:46.743321,VIN-100512,2100,90,NONE
2026-06-28 16:29:46.743325,VIN-100513,2100,90,NONE
2026-06-28 16:29:46.743329,VIN-100514,2100,90,NONE
2026-06-28 16:29:46.743333,VIN-100515,2100,90,NONE
2026-06-28 16:29:46.743337,VIN-100516,2100,90,NONE
2026-06-28 16:29:46.743341,VIN-100517,2100,90,NONE
2026-06-28 16:29:46.743345,VIN-100518,2100,90,NONE
2026-06-28 16:29:46.743349,VIN-100519,2100,90,NONE
2026-06-28 16:29:46.743353,VIN-100520,2100,90,NONE
2026-06-28 16:29:46.743357,VIN-100521,2100,90,NONE
2026-06-28 16:29:46.743362,VIN-100522,2100,90,NONE
2026-06-28 16:29:46.743365,VIN-100523,2100,90,NONE
2026-06-28 16:29:46.743369,VIN-100524,2100,90,NONE
2026-06-28 16:29:46.743373,VIN-100525,2100,90,P0171
2026-06-28 16:29:46.743377,VIN-100526,2100,90,NONE
2026-06-28 16:29:46.743381,VIN-100527,2100,90,NONE
2026-06-28 16:29:46.743385,VIN-100528,2100,90,NONE
2026-06-28 16:29:46.743389,VIN-100529,2100,90,NONE
2026-06-28 16:29:46.743393,VIN-100530,2100,90,NONE
2026-06-28 16:29:46.743397,VIN-100531,2100,90,NONE
2026-06-28 16:29:46.743401,VIN-100532,2100,90,NONE
2026-06-28 16:29:46.743405,VIN-100533,2100,90,NONE
2026-06-28 16:29:46.743409,VIN-100534,2100,90,NONE
2026-06-28 16:29:46.743413,VIN-100535,2100,90,NONE
2026-06-28 16:29:46.743417,VIN-100536,2100,90,NONE
2026-06-28 16:29:46.743421,VIN-100537,2100,90,NONE
2026-06-28 16:29:46.743425,VIN-100538,2100,90,NONE
2026-06-28 16:29:46.743429,VIN-100539,2100,90,NONE
2026-06-28 16:29:46.743434,VIN-100540,2100,90,NONE
2026-06-28 16:29:46.743438,VIN-100541,2100,90,NONE
2026-06-28 16:29:46.743442,VIN-100542,2100,90,NONE
2026-06-28 16:29:46.743446,VIN-100543,2100,90,NONE
2026-06-28 16:29:46.743450,VIN-100544,2100,90,NONE
2026-06-28 16:29:46.743454,VIN-100545,2100,90,NONE
2026-06-28 16:29:46.743458,VIN-100546,2100,90,NONE
2026-06-28 16:29:46.743462,VIN-100547,2100,90,NONE
2026-06-28 16:29:46.743466,VIN-100548,2100,90,NONE
2026-06-28 16:29:46.743470,VIN-100549,2100,90,NONE
2026-06-28 16:29:46.743474,VIN-100550,2100,90,P0300
2026-06-28 16:29:46.743478,VIN-100551,2100,90,NONE
2026-06-28 16:29:46.743482,VIN-100552,2100,90,NONE
2026-06-28 16:29:46.743486,VIN-100553,2100,90,NONE
2026-06-28 16:29:46.743490,VIN-100554,2100,90,NONE
2026-06-28 16:29:46.743494,VIN-100555,2100,90,NONE
2026-06-28 16:29:46.743498,VIN-100556,2100,90,NONE
2026-06-28 16:29:46.743503,VIN-100557,2100,90,NONE
2026-06-28 16:29:46.743507,VIN-100558,2100,90,NONE
2026-06-28 16:29:46.743511,VIN-100559,2100,90,NONE
2026-06-28 16:29:46.743516,VIN-100560,2100,90,NONE
2026-06-28 16:29:46.743521,VIN-100561,2100,90,NONE
2026-06-28 16:29:46.743525,VIN-100562,2100,90,NONE
2026-06-28 16:29:46.743529,VIN-100563,2100,90,NONE
2026-06-28 16:29:46.743534,VIN-100564,2100,90,NONE
2026-06-28 16:29:46.743539,VIN-100565,2100,90,NONE
2026-06-28 16:29:46.743544,VIN-100566,2100,90,NONE
2026-06-28 16:29:46.743548,VIN-100567,2100,90,NONE
2026-06-28 16:29:46.743552,VIN-100568,2100,90,NONE
2026-06-28 16:29:46.743556,VIN-100569,2100,90,NONE
2026-06-28 16:29:46.743560,VIN-100570,2100,90,NONE
2026-06-28 16:29:46.743564,VIN-100571,2100,90,NONE
2026-06-28 16:29:46.743568,VIN-100572,2100,90,NONE
2026-06-28 16:29:46.743572,VIN-100573,2100,90,NONE
2026-06-28 16:29:46.743576,VIN-100574,2100,90,NONE
2026-06-28 16:29:46.743580,VIN-100575,2100,90,NONE
2026-06-28 16:29:46.743585,VIN-100576,2100,90,NONE
2026-06-28 16:29:46.743589,VIN-100577,2100,90,NONE
2026-06-28 16:29:46.743593,VIN-100578,2100,90,NONE
2026-06-28 16:29:46.743597,VIN-100579,2100,90,NONE
2026-06-28 16:29:46.743601,VIN-100580,2100,90,NONE
2026-06-28 16:29:46.743605,VIN-100581,2100,90,NONE
2026-06-28 16:29:46.743610,VIN-100582,2100,90,NONE
2026-06-28 16:29:46.743614,VIN-100583,2100,90,NONE
2026-06-28 16:29:46.743618,VIN-100584,2100,90,NONE
2026-06-28 16:29:46.743622,VIN-100585,2100,90,NONE
2026-06-28 16:29:46.743627,VIN-100586,2100,90,NONE
2026-06-28 16:29:46.743631,VIN-100587,2100,90,NONE
2026-06-28 16:29:46.743635,VIN-100588,2100,90,NONE
2026-06-28 16:29:46.743639,VIN-100589,2100,90,NONE
2026-06-28 16:29:46.743643,VIN-100590,2100,90,NONE
2026-06-28 16:29:46.743647,VIN-100591,2100,90,NONE
2026-06-28 16:29:46.743651,VIN-100592,2100,90,NONE
2026-06-28 16:29:46.743655,VIN-100593,2100,90,NONE
2026-06-28 16:29:46.743659,VIN-100594,2100,90,NONE
2026-06-28 16:29:46.743664,VIN-100595,2100,90,NONE
2026-06-28 16:29:46.743668,VIN-100596,2100,90,NONE
2026-06-28 16:29:46.743672,VIN-100597,2100,90,NONE
2026-06-28 16:29:46.743676,VIN-100598,2100,90,NONE
2026-06-28 16:29:46.743680,VIN-100599,2100,90,NONE
2026-06-28 16:29:46.743684,VIN-100600,2100,90,P0300
2026-06-28 16:29:46.743689,VIN-100601,2100,90,NONE
2026-06-28 16:29:46.743694,VIN-100602,2100,90,NONE
2026-06-28 16:29:46.743698,VIN-100603,2100,90,NONE
2026-06-28 16:29:46.743703,VIN-100604,2100,90,NONE
2026-06-28 16:29:46.743707,VIN-100605,2100,90,NONE
2026-06-28 16:29:46.743712,VIN-100606,2100,90,NONE
2026-06-28 16:29:46.743716,VIN-100607,2100,90,NONE
2026-06-28 16:29:46.743720,VIN-100608,2100,90,NONE
2026-06-28 16:29:46.743724,VIN-100609,2100,90,NONE
2026-06-28 16:29:46.743728,VIN-100610,2100,90,NONE
2026-06-28 16:29:46.743732,VIN-100611,2100,90,NONE
2026-06-28 16:29:46.743737,VIN-100612,2100,90,NONE
2026-06-28 16:29:46.743741,VIN-100613,2100,90,NONE
2026-06-28 16:29:46.743745,VIN-100614,2100,90,NONE
2026-06-28 16:29:46.743749,VIN-100615,2100,90,NONE
2026-06-28 16:29:46.743753,VIN-100616,2100,90,NONE
2026-06-28 16:29:46.743758,VIN-100617,2100,90,NONE
2026-06-28 16:29:46.743762,VIN-100618,2100,90,NONE
2026-06-28 16:29:46.743766,VIN-100619,2100,90,NONE
2026-06-28 16:29:46.743770,VIN-100620,2100,90,NONE
2026-06-28 16:29:46.743775,VIN-100621,2100,90,NONE
2026-06-28 16:29:46.743780,VIN-100622,2100,90,NONE
2026-06-28 16:29:46.743784,VIN-100623,2100,90,NONE
2026-06-28 16:29:46.743788,VIN-100624,2100,90,NONE
2026-06-28 16:29:46.743792,VIN-100625,2100,90,NONE
2026-06-28 16:29:46.743797,VIN-100626,2100,90,NONE
2026-06-28 16:29:46.743801,VIN-100627,2100,90,NONE
2026-06-28 16:29:46.743805,VIN-100628,2100,90,NONE
2026-06-28 16:29:46.743810,VIN-100629,2100,90,NONE
2026-06-28 16:29:46.743815,VIN-100630,2100,90,NONE
2026-06-28 16:29:46.743992,VIN-100631,2100,90,NONE
2026-06-28 16:29:46.744008,VIN-100632,2100,90,NONE
2026-06-28 16:29:46.744014,VIN-100633,2100,90,NONE
2026-06-28 16:29:46.744019,VIN-100634,2100,90,NONE
2026-06-28 16:29:46.744023,VIN-100635,2100,90,NONE
2026-06-28 16:29:46.744028,VIN-100636,2100,90,NONE
2026-06-28 16:29:46.744033,VIN-100637,2100,90,NONE
2026-06-28 16:29:46.744038,VIN-100638,2100,90,NONE
2026-06-28 16:29:46.744042,VIN-100639,2100,90,NONE
2026-06-28 16:29:46.744046,VIN-100640,2100,90,NONE
2026-06-28 16:29:46.744052,VIN-100641,2100,90,NONE
2026-06-28 16:29:46.744057,VIN-100642,2100,90,NONE
2026-06-28 16:29:46.744061,VIN-100643,2100,90,NONE
2026-06-28 16:29:46.744066,VIN-100644,2100,90,NONE
2026-06-28 16:29:46.744071,VIN-100645,2100,90,NONE
2026-06-28 16:29:46.744076,VIN-100646,2100,90,NONE
2026-06-28 16:29:46.744082,VIN-100647,2100,90,NONE
2026-06-28 16:29:46.744086,VIN-100648,2100,90,NONE
2026-06-28 16:29:46.744091,VIN-100649,2100,90,NONE
2026-06-28 16:29:46.744095,VIN-100650,2100,90,P0300
2026-06-28 16:29:46.744099,VIN-100651,2100,90,NONE
2026-06-28 16:29:46.744104,VIN-100652,2100,90,NONE
2026-06-28 16:29:46.744108,VIN-100653,2100,90,NONE
2026-06-28 16:29:46.744112,VIN-100654,2100,90,NONE
2026-06-28 16:29:46.744116,VIN-100655,2100,90,NONE
2026-06-28 16:29:46.744121,VIN-100656,2100,90,NONE
2026-06-28 16:29:46.744125,VIN-100657,2100,90,NONE
2026-06-28 16:29:46.744129,VIN-100658,2100,90,NONE
2026-06-28 16:29:46.744134,VIN-100659,2100,90,NONE
2026-06-28 16:29:46.744138,VIN-100660,2100,90,NONE
2026-06-28 16:29:46.744142,VIN-100661,2100,90,NONE
2026-06-28 16:29:46.744147,VIN-100662,2100,90,NONE
2026-06-28 16:29:46.744151,VIN-100663,2100,90,NONE
2026-06-28 16:29:46.744155,VIN-100664,2100,90,NONE
2026-06-28 16:29:46.744160,VIN-100665,2100,90,NONE
2026-06-28 16:29:46.744164,VIN-100666,2100,90,NONE
2026-06-28 16:29:46.744168,VIN-100667,2100,90,NONE
2026-06-28 16:29:46.744173,VIN-100668,2100,90,NONE
2026-06-28 16:29:46.744177,VIN-100669,2100,90,NONE
2026-06-28 16:29:46.744181,VIN-100670,2100,90,NONE
2026-06-28 16:29:46.744186,VIN-100671,2100,90,NONE
2026-06-28 16:29:46.744191,VIN-100672,2100,90,NONE
2026-06-28 16:29:46.744196,VIN-100673,2100,90,NONE
2026-06-28 16:29:46.744200,VIN-100674,2100,90,NONE
2026-06-28 16:29:46.744205,VIN-100675,2100,90,P0171
2026-06-28 16:29:46.744209,VIN-100676,2100,90,NONE
2026-06-28 16:29:46.744213,VIN-100677,2100,90,NONE
2026-06-28 16:29:46.744218,VIN-100678,2100,90,NONE
2026-06-28 16:29:46.744222,VIN-100679,2100,90,NONE
2026-06-28 16:29:46.744227,VIN-100680,2100,90,NONE
2026-06-28 16:29:46.744232,VIN-100681,2100,90,NONE
2026-06-28 16:29:46.744236,VIN-100682,2100,90,NONE
2026-06-28 16:29:46.744241,VIN-100683,2100,90,NONE
2026-06-28 16:29:46.744246,VIN-100684,2100,90,NONE
2026-06-28 16:29:46.744250,VIN-100685,2100,90,NONE
2026-06-28 16:29:46.744255,VIN-100686,2100,90,NONE
2026-06-28 16:29:46.744260,VIN-100687,2100,90,NONE
2026-06-28 16:29:46.744265,VIN-100688,2100,90,NONE
2026-06-28 16:29:46.744270,VIN-100689,2100,90,NONE
2026-06-28 16:29:46.744274,VIN-100690,2100,90,NONE
2026-06-28 16:29:46.744279,VIN-100691,2100,90,NONE
2026-06-28 16:29:46.744284,VIN-100692,2100,90,NONE
2026-06-28 16:29:46.744289,VIN-100693,2100,90,NONE
2026-06-28 16:29:46.744294,VIN-100694,2100,90,NONE
2026-06-28 16:29:46.744299,VIN-100695,2100,90,NONE
2026-06-28 16:29:46.744304,VIN-100696,2100,90,NONE
2026-06-28 16:29:46.744309,VIN-100697,2100,90,NONE
2026-06-28 16:29:46.744314,VIN-100698,2100,90,NONE
2026-06-28 16:29:46.744318,VIN-100699,2100,90,NONE
2026-06-28 16:29:46.744323,VIN-100700,2100,90,P0300
2026-06-28 16:29:46.744327,VIN-100701,2100,90,NONE
2026-06-28 16:29:46.744332,VIN-100702,2100,90,NONE
2026-06-28 16:29:46.744336,VIN-100703,2100,90,NONE
2026-06-28 16:29:46.744341,VIN-100704,2100,90,NONE
2026-06-28 16:29:46.744345,VIN-100705,2100,90,NONE
2026-06-28 16:29:46.744351,VIN-100706,2100,90,NONE
2026-06-28 16:29:46.744355,VIN-100707,2100,90,NONE
2026-06-28 16:29:46.744360,VIN-100708,2100,90,NONE
2026-06-28 16:29:46.744364,VIN-100709,2100,90,NONE
2026-06-28 16:29:46.744370,VIN-100710,2100,90,NONE
2026-06-28 16:29:46.744374,VIN-100711,2100,90,NONE
2026-06-28 16:29:46.744379,VIN-100712,2100,90,NONE
2026-06-28 16:29:46.744383,VIN-100713,2100,90,NONE
2026-06-28 16:29:46.744388,VIN-100714,2100,90,NONE
2026-06-28 16:29:46.744392,VIN-100715,2100,90,NONE
2026-06-28 16:29:46.744397,VIN-100716,2100,90,NONE
2026-06-28 16:29:46.744401,VIN-100717,2100,90,NONE
2026-06-28 16:29:46.744406,VIN-100718,2100,90,NONE
2026-06-28 16:29:46.744410,VIN-100719,2100,90,NONE
2026-06-28 16:29:46.744415,VIN-100720,2100,90,NONE
2026-06-28 16:29:46.744420,VIN-100721,2100,90,NONE
2026-06-28 16:29:46.744425,VIN-100722,2100,90,NONE
2026-06-28 16:29:46.744430,VIN-100723,2100,90,NONE
2026-06-28 16:29:46.744436,VIN-100724,2100,90,NONE
2026-06-28 16:29:46.744441,VIN-100725,2100,90,NONE
2026-06-28 16:29:46.744446,VIN-100726,2100,90,NONE
2026-06-28 16:29:46.744450,VIN-100727,2100,90,NONE
2026-06-28 16:29:46.744455,VIN-100728,2100,90,NONE
2026-06-28 16:29:46.744460,VIN-100729,2100,90,NONE
2026-06-28 16:29:46.744465,VIN-100730,2100,90,NONE
2026-06-28 16:29:46.744471,VIN-100731,2100,90,NONE
2026-06-28 16:29:46.744476,VIN-100732,2100,90,NONE
2026-06-28 16:29:46.744482,VIN-100733,2100,90,NONE
2026-06-28 16:29:46.744486,VIN-100734,2100,90,NONE
2026-06-28 16:29:46.744492,VIN-100735,2100,90,NONE
2026-06-28 16:29:46.744497,VIN-100736,2100,90,NONE
2026-06-28 16:29:46.744501,VIN-100737,2100,90,NONE
2026-06-28 16:29:46.744506,VIN-100738,2100,90,NONE
2026-06-28 16:29:46.744510,VIN-100739,2100,90,NONE
2026-06-28 16:29:46.744515,VIN-100740,2100,90,NONE
2026-06-28 16:29:46.744520,VIN-100741,2100,90,NONE
2026-06-28 16:29:46.744524,VIN-100742,2100,90,NONE
2026-06-28 16:29:46.744529,VIN-100743,2100,90,NONE
2026-06-28 16:29:46.744533,VIN-100744,2100,90,NONE
2026-06-28 16:29:46.744538,VIN-100745,2100,90,NONE
2026-06-28 16:29:46.744542,VIN-100746,2100,90,NONE
2026-06-28 16:29:46.744547,VIN-100747,2100,90,NONE
2026-06-28 16:29:46.744552,VIN-100748,2100,90,NONE
2026-06-28 16:29:46.744556,VIN-100749,2100,90,NONE
2026-06-28 16:29:46.744561,VIN-100750,2100,90,P0300
2026-06-28 16:29:46.744565,VIN-100751,2100,90,NONE
2026-06-28 16:29:46.744570,VIN-100752,2100,90,NONE
2026-06-28 16:29:46.744575,VIN-100753,2100,90,NONE
2026-06-28 16:29:46.744579,VIN-100754,2100,90,NONE
2026-06-28 16:29:46.744584,VIN-100755,2100,90,NONE
2026-06-28 16:29:46.744588,VIN-100756,2100,90,NONE
2026-06-28 16:29:46.744593,VIN-100757,2100,90,NONE
2026-06-28 16:29:46.744598,VIN-100758,2100,90,NONE
2026-06-28 16:29:46.744602,VIN-100759,2100,90,NONE
2026-06-28 16:29:46.744607,VIN-100760,2100,90,NONE
2026-06-28 16:29:46.744611,VIN-100761,2100,90,NONE
2026-06-28 16:29:46.744617,VIN-100762,2100,90,NONE
2026-06-28 16:29:46.744621,VIN-100763,2100,90,NONE
2026-06-28 16:29:46.744626,VIN-100764,2100,90,NONE
2026-06-28 16:29:46.744631,VIN-100765,2100,90,NONE
2026-06-28 16:29:46.744636,VIN-100766,2100,90,NONE
2026-06-28 16:29:46.744640,VIN-100767,2100,90,NONE
2026-06-28 16:29:46.744645,VIN-100768,2100,90,NONE
2026-06-28 16:29:46.744650,VIN-100769,2100,90,NONE
2026-06-28 16:29:46.744654,VIN-100770,2100,90,NONE
2026-06-28 16:29:46.744659,VIN-100771,2100,90,NONE
2026-06-28 16:29:46.744664,VIN-100772,2100,90,NONE
2026-06-28 16:29:46.744669,VIN-100773,2100,90,NONE
2026-06-28 16:29:46.744673,VIN-100774,2100,90,NONE
2026-06-28 16:29:46.744678,VIN-100775,2100,90,NONE
2026-06-28 16:29:46.744683,VIN-100776,2100,90,NONE
2026-06-28 16:29:46.744688,VIN-100777,2100,90,NONE
2026-06-28 16:29:46.744692,VIN-100778,2100,90,NONE
2026-06-28 16:29:46.744697,VIN-100779,2100,90,NONE
2026-06-28 16:29:46.744702,VIN-100780,2100,90,NONE
2026-06-28 16:29:46.744706,VIN-100781,2100,90,NONE
2026-06-28 16:29:46.744711,VIN-100782,2100,90,NONE
2026-06-28 16:29:46.744716,VIN-100783,2100,90,NONE
2026-06-28 16:29:46.744721,VIN-100784,2100,90,NONE
2026-06-28 16:29:46.744725,VIN-100785,2100,90,NONE
2026-06-28 16:29:46.744730,VIN-100786,2100,90,NONE
2026-06-28 16:29:46.744735,VIN-100787,2100,90,NONE
2026-06-28 16:29:46.744740,VIN-100788,2100,90,NONE
2026-06-28 16:29:46.744744,VIN-100789,2100,90,NONE
2026-06-28 16:29:46.744749,VIN-100790,2100,90,NONE
2026-06-28 16:29:46.744754,VIN-100791,2100,90,NONE
2026-06-28 16:29:46.744759,VIN-100792,2100,90,NONE
2026-06-28 16:29:46.744763,VIN-100793,2100,90,NONE
2026-06-28 16:29:46.744768,VIN-100794,2100,90,NONE
2026-06-28 16:29:46.744773,VIN-100795,2100,90,NONE
2026-06-28 16:29:46.744778,VIN-100796,2100,90,NONE
2026-06-28 16:29:46.744782,VIN-100797,2100,90,NONE
2026-06-28 16:29:46.744787,VIN-100798,2100,90,NONE
2026-06-28 16:29:46.744792,VIN-100799,2100,90,NONE
2026-06-28 16:29:46.744797,VIN-100800,2100,90,P0300
2026-06-28 16:29:46.744802,VIN-100801,2100,90,NONE
2026-06-28 16:29:46.744806,VIN-100802,2100,90,NONE
2026-06-28 16:29:46.744811,VIN-100803,2100,90,NONE
2026-06-28 16:29:46.744817,VIN-100804,2100,90,NONE
2026-06-28 16:29:46.744823,VIN-100805,2100,90,NONE
2026-06-28 16:29:46.744829,VIN-100806,2100,90,NONE
2026-06-28 16:29:46.744834,VIN-100807,2100,90,NONE
2026-06-28 16:29:46.744839,VIN-100808,2100,90,NONE
2026-06-28 16:29:46.744844,VIN-100809,2100,90,NONE
2026-06-28 16:29:46.744850,VIN-100810,2100,90,NONE
2026-06-28 16:29:46.744855,VIN-100811,2100,90,NONE
2026-06-28 16:29:46.744860,VIN-100812,2100,90,NONE
2026-06-28 16:29:46.744864,VIN-100813,2100,90,NONE
2026-06-28 16:29:46.744869,VIN-100814,2100,90,NONE
2026-06-28 16:29:46.744874,VIN-100815,2100,90,NONE
2026-06-28 16:29:46.744879,VIN-100816,2100,90,NONE
2026-06-28 16:29:46.744884,VIN-100817,2100,90,NONE
2026-06-28 16:29:46.744889,VIN-100818,2100,90,NONE
2026-06-28 16:29:46.744893,VIN-100819,2100,90,NONE
2026-06-28 16:29:46.744898,VIN-100820,2100,90,NONE
2026-06-28 16:29:46.744903,VIN-100821,2100,90,NONE
2026-06-28 16:29:46.744908,VIN-100822,2100,90,NONE
2026-06-28 16:29:46.744913,VIN-100823,2100,90,NONE
2026-06-28 16:29:46.744917,VIN-100824,2100,90,NONE
2026-06-28 16:29:46.744922,VIN-100825,2100,90,P0171
2026-06-28 16:29:46.744928,VIN-100826,2100,90,NONE
2026-06-28 16:29:46.744933,VIN-100827,2100,90,NONE
2026-06-28 16:29:46.744938,VIN-100828,2100,90,NONE
2026-06-28 16:29:46.744943,VIN-100829,2100,90,NONE
2026-06-28 16:29:46.744948,VIN-100830,2100,90,NONE
2026-06-28 16:29:46.744963,VIN-100831,2100,90,NONE
2026-06-28 16:29:46.744973,VIN-100832,2100,90,NONE
2026-06-28 16:29:46.745019,VIN-100833,2100,90,NONE
2026-06-28 16:29:46.745030,VIN-100834,2100,90,NONE
2026-06-28 16:29:46.745036,VIN-100835,2100,90,NONE
2026-06-28 16:29:46.745041,VIN-100836,2100,90,NONE
2026-06-28 16:29:46.745046,VIN-100837,2100,90,NONE
2026-06-28 16:29:46.745052,VIN-100838,2100,90,NONE
2026-06-28 16:29:46.745056,VIN-100839,2100,90,NONE
2026-06-28 16:29:46.745062,VIN-100840,2100,90,NONE
2026-06-28 16:29:46.745066,VIN-100841,2100,90,NONE
2026-06-28 16:29:46.745071,VIN-100842,2100,90,NONE
2026-06-28 16:29:46.745077,VIN-100843,2100,90,NONE
2026-06-28 16:29:46.745082,VIN-100844,2100,90,NONE
2026-06-28 16:29:46.745087,VIN-100845,2100,90,NONE
2026-06-28 16:29:46.745092,VIN-100846,2100,90,NONE
2026-06-28 16:29:46.745097,VIN-100847,2100,90,NONE
2026-06-28 16:29:46.745102,VIN-100848,2100,90,NONE
2026-06-28 16:29:46.745107,VIN-100849,2100,90,NONE
2026-06-28 16:29:46.745112,VIN-100850,2100,90,P0300
2026-06-28 16:29:46.745118,VIN-100851,2100,90,NONE
2026-06-28 16:29:46.745123,VIN-100852,2100,90,NONE
2026-06-28 16:29:46.745128,VIN-100853,2100,90,NONE
2026-06-28 16:29:46.745133,VIN-100854,2100,90,NONE
2026-06-28 16:29:46.745138,VIN-100855,2100,90,NONE
2026-06-28 16:29:46.745144,VIN-100856,2100,90,NONE
2026-06-28 16:29:46.745149,VIN-100857,2100,90,NONE
2026-06-28 16:29:46.745154,VIN-100858,2100,90,NONE
2026-06-28 16:29:46.745159,VIN-100859,2100,90,NONE
2026-06-28 16:29:46.745164,VIN-100860,2100,90,NONE
2026-06-28 16:29:46.745169,VIN-100861,2100,90,NONE
2026-06-28 16:29:46.745174,VIN-100862,2100,90,NONE
2026-06-28 16:29:46.745179,VIN-100863,2100,90,NONE
2026-06-28 16:29:46.745184,VIN-100864,2100,90,NONE
2026-06-28 16:29:46.745189,VIN-100865,2100,90,NONE
2026-06-28 16:29:46.745194,VIN-100866,2100,90,NONE
2026-06-28 16:29:46.745199,VIN-100867,2100,90,NONE
2026-06-28 16:29:46.745205,VIN-100868,2100,90,NONE
2026-06-28 16:29:46.745210,VIN-100869,2100,90,NONE
2026-06-28 16:29:46.745215,VIN-100870,2100,90,NONE
2026-06-28 16:29:46.745220,VIN-100871,2100,90,NONE
2026-06-28 16:29:46.745225,VIN-100872,2100,90,NONE
2026-06-28 16:29:46.745230,VIN-100873,2100,90,NONE
2026-06-28 16:29:46.745235,VIN-100874,2100,90,NONE
2026-06-28 16:29:46.745241,VIN-100875,2100,90,NONE
2026-06-28 16:29:46.745246,VIN-100876,2100,90,NONE
2026-06-28 16:29:46.745251,VIN-100877,2100,90,NONE
2026-06-28 16:29:46.745256,VIN-100878,2100,90,NONE
2026-06-28 16:29:46.745261,VIN-100879,2100,90,NONE
2026-06-28 16:29:46.745266,VIN-100880,2100,90,NONE
2026-06-28 16:29:46.745271,VIN-100881,2100,90,NONE
2026-06-28 16:29:46.745278,VIN-100882,2100,90,NONE
2026-06-28 16:29:46.745283,VIN-100883,2100,90,NONE
2026-06-28 16:29:46.745289,VIN-100884,2100,90,NONE
2026-06-28 16:29:46.745294,VIN-100885,2100,90,NONE
2026-06-28 16:29:46.745300,VIN-100886,2100,90,NONE
2026-06-28 16:29:46.745307,VIN-100887,2100,90,NONE
2026-06-28 16:29:46.745312,VIN-100888,2100,90,NONE
2026-06-28 16:29:46.745317,VIN-100889,2100,90,NONE
2026-06-28 16:29:46.745323,VIN-100890,2100,90,NONE
2026-06-28 16:29:46.745328,VIN-100891,2100,90,NONE
2026-06-28 16:29:46.745333,VIN-100892,2100,90,NONE
2026-06-28 16:29:46.745338,VIN-100893,2100,90,NONE
2026-06-28 16:29:46.745343,VIN-100894,2100,90,NONE
2026-06-28 16:29:46.745348,VIN-100895,2100,90,NONE
2026-06-28 16:29:46.745353,VIN-100896,2100,90,NONE
2026-06-28 16:29:46.745359,VIN-100897,2100,90,NONE
2026-06-28 16:29:46.745364,VIN-100898,2100,90,NONE
2026-06-28 16:29:46.745369,VIN-100899,2100,90,NONE
2026-06-28 16:29:46.745374,VIN-100900,2100,90,P0300
2026-06-28 16:29:46.745379,VIN-100901,2100,90,NONE
2026-06-28 16:29:46.745384,VIN-100902,2100,90,NONE
2026-06-28 16:29:46.745389,VIN-100903,2100,90,NONE
2026-06-28 16:29:46.745394,VIN-100904,2100,90,NONE
2026-06-28 16:29:46.745400,VIN-100905,2100,90,NONE
2026-06-28 16:29:46.745405,VIN-100906,2100,90,NONE
2026-06-28 16:29:46.745410,VIN-100907,2100,90,NONE
2026-06-28 16:29:46.745415,VIN-100908,2100,90,NONE
2026-06-28 16:29:46.745420,VIN-100909,2100,90,NONE
2026-06-28 16:29:46.745425,VIN-100910,2100,90,NONE
2026-06-28 16:29:46.745430,VIN-100911,2100,90,NONE
2026-06-28 16:29:46.745435,VIN-100912,2100,90,NONE
2026-06-28 16:29:46.745441,VIN-100913,2100,90,NONE
2026-06-28 16:29:46.745446,VIN-100914,2100,90,NONE
2026-06-28 16:29:46.745451,VIN-100915,2100,90,NONE
2026-06-28 16:29:46.745456,VIN-100916,2100,90,NONE
2026-06-28 16:29:46.745461,VIN-100917,2100,90,NONE
2026-06-28 16:29:46.745466,VIN-100918,2100,90,NONE
2026-06-28 16:29:46.745471,VIN-100919,2100,90,NONE
2026-06-28 16:29:46.745477,VIN-100920,2100,90,NONE
2026-06-28 16:29:46.745482,VIN-100921,2100,90,NONE
2026-06-28 16:29:46.745487,VIN-100922,2100,90,NONE
2026-06-28 16:29:46.745493,VIN-100923,2100,90,NONE
2026-06-28 16:29:46.745498,VIN-100924,2100,90,NONE
2026-06-28 16:29:46.745503,VIN-100925,2100,90,NONE
2026-06-28 16:29:46.745508,VIN-100926,2100,90,NONE
2026-06-28 16:29:46.745513,VIN-100927,2100,90,NONE
2026-06-28 16:29:46.745519,VIN-100928,2100,90,NONE
2026-06-28 16:29:46.745524,VIN-100929,2100,90,NONE
2026-06-28 16:29:46.745529,VIN-100930,2100,90,NONE
2026-06-28 16:29:46.745534,VIN-100931,2100,90,NONE
2026-06-28 16:29:46.745539,VIN-100932,2100,90,NONE
2026-06-28 16:29:46.745545,VIN-100933,2100,90,NONE
2026-06-28 16:29:46.745550,VIN-100934,2100,90,NONE
2026-06-28 16:29:46.745555,VIN-100935,2100,90,NONE
2026-06-28 16:29:46.745561,VIN-100936,2100,90,NONE
2026-06-28 16:29:46.745566,VIN-100937,2100,90,NONE
2026-06-28 16:29:46.745571,VIN-100938,2100,90,NONE
2026-06-28 16:29:46.745577,VIN-100939,2100,90,NONE
2026-06-28 16:29:46.745582,VIN-100940,2100,90,NONE
2026-06-28 16:29:46.745587,VIN-100941,2100,90,NONE
2026-06-28 16:29:46.745593,VIN-100942,2100,90,NONE
2026-06-28 16:29:46.745598,VIN-100943,2100,90,NONE
2026-06-28 16:29:46.745603,VIN-100944,2100,90,NONE
2026-06-28 16:29:46.745608,VIN-100945,2100,90,NONE
2026-06-28 16:29:46.745614,VIN-100946,2100,90,NONE
2026-06-28 16:29:46.745619,VIN-100947,2100,90,NONE
2026-06-28 16:29:46.745625,VIN-100948,2100,90,NONE
2026-06-28 16:29:46.745630,VIN-100949,2100,90,NONE
2026-06-28 16:29:46.745635,VIN-100950,2100,90,P0300
2026-06-28 16:29:46.745641,VIN-100951,2100,90,NONE
2026-06-28 16:29:46.745646,VIN-100952,2100,90,NONE
2026-06-28 16:29:46.745651,VIN-100953,2100,90,NONE
2026-06-28 16:29:46.745657,VIN-100954,2100,90,NONE
2026-06-28 16:29:46.745662,VIN-100955,2100,90,NONE
2026-06-28 16:29:46.745668,VIN-100956,2100,90,NONE
2026-06-28 16:29:46.745673,VIN-100957,2100,90,NONE
2026-06-28 16:29:46.745678,VIN-100958,2100,90,NONE
2026-06-28 16:29:46.745684,VIN-100959,2100,90,NONE
2026-06-28 16:29:46.745689,VIN-100960,2100,90,NONE
2026-06-28 16:29:46.745694,VIN-100961,2100,90,NONE
2026-06-28 16:29:46.745700,VIN-100962,2100,90,NONE
2026-06-28 16:29:46.745706,VIN-100963,2100,90,NONE
2026-06-28 16:29:46.745712,VIN-100964,2100,90,NONE
2026-06-28 16:29:46.745718,VIN-100965,2100,90,NONE
2026-06-28 16:29:46.745724,VIN-100966,2100,90,NONE
2026-06-28 16:29:46.745731,VIN-100967,2100,90,NONE
2026-06-28 16:29:46.745737,VIN-100968,2100,90,NONE
2026-06-28 16:29:46.745742,VIN-100969,2100,90,NONE
2026-06-28 16:29:46.745748,VIN-100970,2100,90,NONE
2026-06-28 16:29:46.745753,VIN-100971,2100,90,NONE
2026-06-28 16:29:46.745759,VIN-100972,2100,90,NONE
2026-06-28 16:29:46.745764,VIN-100973,2100,90,NONE
2026-06-28 16:29:46.745770,VIN-100974,2100,90,NONE
2026-06-28 16:29:46.745775,VIN-100975,2100,90,P0171
2026-06-28 16:29:46.745781,VIN-100976,2100,90,NONE
2026-06-28 16:29:46.745786,VIN-100977,2100,90,NONE
2026-06-28 16:29:46.745791,VIN-100978,2100,90,NONE
2026-06-28 16:29:46.745797,VIN-100979,2100,90,NONE
2026-06-28 16:29:46.745802,VIN-100980,2100,90,NONE
2026-06-28 16:29:46.745808,VIN-100981,2100,90,NONE
2026-06-28 16:29:46.745813,VIN-100982,2100,90,NONE
2026-06-28 16:29:46.745819,VIN-100983,2100,90,NONE
2026-06-28 16:29:46.745824,VIN-100984,2100,90,NONE
2026-06-28 16:29:46.745829,VIN-100985,2100,90,NONE
2026-06-28 16:29:46.745835,VIN-100986,2100,90,NONE
2026-06-28 16:29:46.745840,VIN-100987,2100,90,NONE
2026-06-28 16:29:46.745846,VIN-100988,2100,90,NONE
2026-06-28 16:29:46.745851,VIN-100989,2100,90,NONE
2026-06-28 16:29:46.745856,VIN-100990,2100,90,NONE
2026-06-28 16:29:46.745862,VIN-100991,2100,90,NONE
2026-06-28 16:29:46.745867,VIN-100992,2100,90,NONE
2026-06-28 16:29:46.745873,VIN-100993,2100,90,NONE
2026-06-28 16:29:46.745878,VIN-100994,2100,90,NONE
2026-06-28 16:29:46.745883,VIN-100995,2100,90,NONE
2026-06-28 16:29:46.745889,VIN-100996,2100,90,NONE
2026-06-28 16:29:46.745894,VIN-100997,2100,90,NONE
2026-06-28 16:29:46.745899,VIN-100998,2100,90,NONE
2026-06-28 16:29:46.745905,VIN-100999,2100,90,NONE
2026-06-28 16:29:46.745910,VIN-101000,2100,90,P0300
