timestamp,vehicle_id,engine_rpm,coolant_temp_c,fault_code
2026-06-28 19:24:45.902579,VIN-100001,2100,90,NONE
2026-06-28 19:24:45.902595,VIN-100002,2100,90,NONE
2026-06-28 19:24:45.902599,VIN-100003,2100,90,NONE
2026-06-28 19:24:45.902601,VIN-100004,2100,90,NONE
2026-06-28 19:24:45.902604,VIN-100005,2100,90,NONE
2026-06-28 19:24:45.902616,VIN-100006,2100,90,NONE
2026-06-28 19:24:45.902622,VIN-100007,2100,90,NONE
2026-06-28 19:24:45.902629,VIN-100008,2100,90,NONE
2026-06-28 19:24:45.902632,VIN-100009,2100,90,NONE
2026-06-28 19:24:45.902635,VIN-100010,2100,90,NONE
2026-06-28 19:24:45.902637,VIN-100011,2100,90,NONE
2026-06-28 19:24:45.902640,VIN-100012,2100,90,NONE
2026-06-28 19:24:45.902642,VIN-100013,2100,90,NONE
2026-06-28 19:24:45.902644,VIN-100014,2100,90,NONE
2026-06-28 19:24:45.902647,VIN-100015,2100,90,NONE
2026-06-28 19:24:45.902650,VIN-100016,2100,90,NONE
2026-06-28 19:24:45.902652,VIN-100017,2100,90,NONE
2026-06-28 19:24:45.902655,VIN-100018,2100,90,NONE
2026-06-28 19:24:45.902658,VIN-100019,2100,90,NONE
2026-06-28 19:24:45.902661,VIN-100020,2100,90,NONE
2026-06-28 19:24:45.902663,VIN-100021,2100,90,NONE
2026-06-28 19:24:45.902667,VIN-100022,2100,90,NONE
2026-06-28 19:24:45.902669,VIN-100023,2100,90,NONE
2026-06-28 19:24:45.902672,VIN-100024,2100,90,NONE
2026-06-28 19:24:45.902674,VIN-100025,2100,90,NONE
2026-06-28 19:24:45.902677,VIN-100026,2100,90,NONE
2026-06-28 19:24:45.902679,VIN-100027,2100,90,NONE
2026-06-28 19:24:45.902682,VIN-100028,2100,90,NONE
2026-06-28 19:24:45.902684,VIN-100029,2100,90,NONE
2026-06-28 19:24:45.902687,VIN-100030,2100,90,NONE
2026-06-28 19:24:45.902689,VIN-100031,2100,90,NONE
2026-06-28 19:24:45.902692,VIN-100032,2100,90,NONE
2026-06-28 19:24:45.902694,VIN-100033,2100,90,NONE
2026-06-28 19:24:45.902697,VIN-100034,2100,90,NONE
2026-06-28 19:24:45.902699,VIN-100035,2100,90,NONE
2026-06-28 19:24:45.902702,VIN-100036,2100,90,NONE
2026-06-28 19:24:45.902704,VIN-100037,2100,90,NONE
2026-06-28 19:24:45.902707,VIN-100038,2100,90,NONE
2026-06-28 19:24:45.902709,VIN-100039,2100,90,NONE
2026-06-28 19:24:45.902712,VIN-100040,2100,90,NONE
2026-06-28 19:24:45.902714,VIN-100041,2100,90,NONE
2026-06-28 19:24:45.902717,VIN-100042,2100,90,NONE
2026-06-28 19:24:45.902719,VIN-100043,2100,90,NONE
2026-06-28 19:24:45.902722,VIN-100044,2100,90,NONE
2026-06-28 19:24:45.902724,VIN-100045,2100,90,NONE
2026-06-28 19:24:45.902727,VIN-100046,2100,90,NONE
2026-06-28 19:24:45.902729,VIN-100047,2100,90,NONE
2026-06-28 19:24:45.902732,VIN-100048,2100,90,NONE
2026-06-28 19:24:45.902734,VIN-100049,2100,90,NONE
2026-06-28 19:24:45.902737,VIN-100050,2100,90,P0300
2026-06-28 19:24:45.902740,VIN-100051,2100,90,NONE
2026-06-28 19:24:45.902742,VIN-100052,2100,90,NONE
2026-06-28 19:24:45.902745,VIN-100053,2100,90,NONE
2026-06-28 19:24:45.902747,VIN-100054,2100,90,NONE
2026-06-28 19:24:45.902750,VIN-100055,2100,90,NONE
2026-06-28 19:24:45.902752,VIN-100056,2100,90,NONE
2026-06-28 19:24:45.902755,VIN-100057,2100,90,NONE
2026-06-28 19:24:45.902757,VIN-100058,2100,90,NONE
2026-06-28 19:24:45.902760,VIN-100059,2100,90,NONE
2026-06-28 19:24:45.902763,VIN-100060,2100,90,NONE
2026-06-28 19:24:45.902765,VIN-100061,2100,90,NONE
2026-06-28 19:24:45.902768,VIN-100062,2100,90,NONE
2026-06-28 19:24:45.902770,VIN-100063,2100,90,NONE
2026-06-28 19:24:45.902773,VIN-100064,2100,90,NONE
2026-06-28 19:24:45.902776,VIN-100065,2100,90,NONE
2026-06-28 19:24:45.902779,VIN-100066,2100,90,NONE
2026-06-28 19:24:45.902781,VIN-100067,2100,90,NONE
2026-06-28 19:24:45.902783,VIN-100068,2100,90,NONE
2026-06-28 19:24:45.902786,VIN-100069,2100,90,NONE
2026-06-28 19:24:45.902788,VIN-100070,2100,90,NONE
2026-06-28 19:24:45.902791,VIN-100071,2100,90,NONE
2026-06-28 19:24:45.902793,VIN-100072,2100,90,NONE
2026-06-28 19:24:45.902796,VIN-100073,2100,90,NONE
2026-06-28 19:24:45.902798,VIN-100074,2100,90,NONE
2026-06-28 19:24:45.902801,VIN-100075,2100,90,P0171
2026-06-28 19:24:45.902803,VIN-100076,2100,90,NONE
2026-06-28 19:24:45.902806,VIN-100077,2100,90,NONE
2026-06-28 19:24:45.902809,VIN-100078,2100,90,NONE
2026-06-28 19:24:45.902811,VIN-100079,2100,90,NONE
2026-06-28 19:24:45.902814,VIN-100080,2100,90,NONE
2026-06-28 19:24:45.902816,VIN-100081,2100,90,NONE
2026-06-28 19:24:45.902819,VIN-100082,2100,90,NONE
2026-06-28 19:24:45.902821,VIN-100083,2100,90,NONE
2026-06-28 19:24:45.902926,VIN-100084,2100,90,NONE
2026-06-28 19:24:45.902932,VIN-100085,2100,90,NONE
2026-06-28 19:24:45.902935,VIN-100086,2100,90,NONE
2026-06-28 19:24:45.902938,VIN-100087,2100,90,NONE
2026-06-28 19:24:45.902940,VIN-100088,2100,90,NONE
2026-06-28 19:24:45.902943,VIN-100089,2100,90,NONE
2026-06-28 19:24:45.902946,VIN-100090,2100,90,NONE
2026-06-28 19:24:45.902949,VIN-100091,2100,90,NONE
2026-06-28 19:24:45.902951,VIN-100092,2100,90,NONE
2026-06-28 19:24:45.902954,VIN-100093,2100,90,NONE
2026-06-28 19:24:45.902957,VIN-100094,2100,90,NONE
2026-06-28 19:24:45.902959,VIN-100095,2100,90,NONE
2026-06-28 19:24:45.902962,VIN-100096,2100,90,NONE
2026-06-28 19:24:45.902965,VIN-100097,2100,90,NONE
2026-06-28 19:24:45.902967,VIN-100098,2100,90,NONE
2026-06-28 19:24:45.902970,VIN-100099,2100,90,NONE
2026-06-28 19:24:45.902973,VIN-100100,2100,90,P0300
2026-06-28 19:24:45.902976,VIN-100101,2100,90,NONE
2026-06-28 19:24:45.902979,VIN-100102,2100,90,NONE
2026-06-28 19:24:45.902981,VIN-100103,2100,90,NONE
2026-06-28 19:24:45.902984,VIN-100104,2100,90,NONE
2026-06-28 19:24:45.902987,VIN-100105,2100,90,NONE
2026-06-28 19:24:45.902990,VIN-100106,2100,90,NONE
2026-06-28 19:24:45.902993,VIN-100107,2100,90,NONE
2026-06-28 19:24:45.902995,VIN-100108,2100,90,NONE
2026-06-28 19:24:45.902998,VIN-100109,2100,90,NONE
2026-06-28 19:24:45.903001,VIN-100110,2100,90,NONE
2026-06-28 19:24:45.903003,VIN-100111,2100,90,NONE
2026-06-28 19:24:45.903006,VIN-100112,2100,90,NONE
2026-06-28 19:24:45.903009,VIN-100113,2100,90,NONE
2026-06-28 19:24:45.903012,VIN-100114,2100,90,NONE
2026-06-28 19:24:45.903014,VIN-100115,2100,90,NONE
2026-06-28 19:24:45.903017,VIN-100116,2100,90,NONE
2026-06-28 19:24:45.903022,VIN-100117,2100,90,NONE
2026-06-28 19:24:45.903041,VIN-100118,2100,90,NONE
2026-06-28 19:24:45.903046,VIN-100119,2100,90,NONE
2026-06-28 19:24:45.903052,VIN-100120,2100,90,NONE
2026-06-28 19:24:45.903058,VIN-100121,2100,90,NONE
2026-06-28 19:24:45.903063,VIN-100122,2100,90,NONE
2026-06-28 19:24:45.903068,VIN-100123,2100,90,NONE
2026-06-28 19:24:45.903072,VIN-100124,2100,90,NONE
2026-06-28 19:24:45.903075,VIN-100125,2100,90,NONE
2026-06-28 19:24:45.903078,VIN-100126,2100,90,NONE
2026-06-28 19:24:45.903081,VIN-100127,2100,90,NONE
2026-06-28 19:24:45.903084,VIN-100128,2100,90,NONE
2026-06-28 19:24:45.903087,VIN-100129,2100,90,NONE
2026-06-28 19:24:45.903090,VIN-100130,2100,90,NONE
2026-06-28 19:24:45.903092,VIN-100131,2100,90,NONE
2026-06-28 19:24:45.903095,VIN-100132,2100,90,NONE
2026-06-28 19:24:45.903098,VIN-100133,2100,90,NONE
2026-06-28 19:24:45.903101,VIN-100134,2100,90,NONE
2026-06-28 19:24:45.903104,VIN-100135,2100,90,NONE
2026-06-28 19:24:45.903107,VIN-100136,2100,90,NONE
2026-06-28 19:24:45.903110,VIN-100137,2100,90,NONE
2026-06-28 19:24:45.903112,VIN-100138,2100,90,NONE
2026-06-28 19:24:45.903115,VIN-100139,2100,90,NONE
2026-06-28 19:24:45.903118,VIN-100140,2100,90,NONE
2026-06-28 19:24:45.903121,VIN-100141,2100,90,NONE
2026-06-28 19:24:45.903124,VIN-100142,2100,90,NONE
2026-06-28 19:24:45.903127,VIN-100143,2100,90,NONE
2026-06-28 19:24:45.903129,VIN-100144,2100,90,NONE
2026-06-28 19:24:45.903132,VIN-100145,2100,90,NONE
2026-06-28 19:24:45.903135,VIN-100146,2100,90,NONE
2026-06-28 19:24:45.903138,VIN-100147,2100,90,NONE
2026-06-28 19:24:45.903140,VIN-100148,2100,90,NONE
2026-06-28 19:24:45.903143,VIN-100149,2100,90,NONE
2026-06-28 19:24:45.903146,VIN-100150,2100,90,P0300
2026-06-28 19:24:45.903149,VIN-100151,2100,90,NONE
2026-06-28 19:24:45.903152,VIN-100152,2100,90,NONE
2026-06-28 19:24:45.903154,VIN-100153,2100,90,NONE
2026-06-28 19:24:45.903157,VIN-100154,2100,90,NONE
2026-06-28 19:24:45.903160,VIN-100155,2100,90,NONE
2026-06-28 19:24:45.903163,VIN-100156,2100,90,NONE
2026-06-28 19:24:45.903166,VIN-100157,2100,90,NONE
2026-06-28 19:24:45.903168,VIN-100158,2100,90,NONE
2026-06-28 19:24:45.903171,VIN-100159,2100,90,NONE
2026-06-28 19:24:45.903174,VIN-100160,2100,90,NONE
2026-06-28 19:24:45.903177,VIN-100161,2100,90,NONE
2026-06-28 19:24:45.903180,VIN-100162,2100,90,NONE
2026-06-28 19:24:45.903183,VIN-100163,2100,90,NONE
2026-06-28 19:24:45.903186,VIN-100164,2100,90,NONE
2026-06-28 19:24:45.903189,VIN-100165,2100,90,NONE
2026-06-28 19:24:45.903192,VIN-100166,2100,90,NONE
2026-06-28 19:24:45.903195,VIN-100167,2100,90,NONE
2026-06-28 19:24:45.903198,VIN-100168,2100,90,NONE
2026-06-28 19:24:45.903200,VIN-100169,2100,90,NONE
2026-06-28 19:24:45.903203,VIN-100170,2100,90,NONE
2026-06-28 19:24:45.903206,VIN-100171,2100,90,NONE
2026-06-28 19:24:45.903209,VIN-100172,2100,90,NONE
2026-06-28 19:24:45.903212,VIN-100173,2100,90,NONE
2026-06-28 19:24:45.903215,VIN-100174,2100,90,NONE
2026-06-28 19:24:45.903218,VIN-100175,2100,90,NONE
2026-06-28 19:24:45.903221,VIN-100176,2100,90,NONE
2026-06-28 19:24:45.903224,VIN-100177,2100,90,NONE
2026-06-28 19:24:45.903227,VIN-100178,2100,90,NONE
2026-06-28 19:24:45.903230,VIN-100179,2100,90,NONE
2026-06-28 19:24:45.903233,VIN-100180,2100,90,NONE
2026-06-28 19:24:45.903236,VIN-100181,2100,90,NONE
2026-06-28 19:24:45.903239,VIN-100182,2100,90,NONE
2026-06-28 19:24:45.903241,VIN-100183,2100,90,NONE
2026-06-28 19:24:45.903245,VIN-100184,2100,90,NONE
2026-06-28 19:24:45.903247,VIN-100185,2100,90,NONE
2026-06-28 19:24:45.903250,VIN-100186,2100,90,NONE
2026-06-28 19:24:45.903253,VIN-100187,2100,90,NONE
2026-06-28 19:24:45.903256,VIN-100188,2100,90,NONE
2026-06-28 19:24:45.903259,VIN-100189,2100,90,NONE
2026-06-28 19:24:45.903262,VIN-100190,2100,90,NONE
2026-06-28 19:24:45.903265,VIN-100191,2100,90,NONE
2026-06-28 19:24:45.903268,VIN-100192,2100,90,NONE
2026-06-28 19:24:45.903271,VIN-100193,2100,90,NONE
2026-06-28 19:24:45.903274,VIN-100194,2100,90,NONE
2026-06-28 19:24:45.903277,VIN-100195,2100,90,NONE
2026-06-28 19:24:45.903280,VIN-100196,2100,90,NONE
2026-06-28 19:24:45.903283,VIN-100197,2100,90,NONE
2026-06-28 19:24:45.903286,VIN-100198,2100,90,NONE
2026-06-28 19:24:45.903289,VIN-100199,2100,90,NONE
2026-06-28 19:24:45.903291,VIN-100200,2100,90,P0300
2026-06-28 19:24:45.903294,VIN-100201,2100,90,NONE
2026-06-28 19:24:45.903298,VIN-100202,2100,90,NONE
2026-06-28 19:24:45.903301,VIN-100203,2100,90,NONE
2026-06-28 19:24:45.903303,VIN-100204,2100,90,NONE
2026-06-28 19:24:45.903306,VIN-100205,2100,90,NONE
2026-06-28 19:24:45.903309,VIN-100206,2100,90,NONE
2026-06-28 19:24:45.903312,VIN-100207,2100,90,NONE
2026-06-28 19:24:45.903315,VIN-100208,2100,90,NONE
2026-06-28 19:24:45.903318,VIN-100209,2100,90,NONE
2026-06-28 19:24:45.903321,VIN-100210,2100,90,NONE
2026-06-28 19:24:45.903324,VIN-100211,2100,90,NONE
2026-06-28 19:24:45.903328,VIN-100212,2100,90,NONE
2026-06-28 19:24:45.903331,VIN-100213,2100,90,NONE
2026-06-28 19:24:45.903334,VIN-100214,2100,90,NONE
2026-06-28 19:24:45.903337,VIN-100215,2100,90,NONE
2026-06-28 19:24:45.903340,VIN-100216,2100,90,NONE
2026-06-28 19:24:45.903343,VIN-100217,2100,90,NONE
2026-06-28 19:24:45.903346,VIN-100218,2100,90,NONE
2026-06-28 19:24:45.903349,VIN-100219,2100,90,NONE
2026-06-28 19:24:45.903352,VIN-100220,2100,90,NONE
2026-06-28 19:24:45.903355,VIN-100221,2100,90,NONE
2026-06-28 19:24:45.903358,VIN-100222,2100,90,NONE
2026-06-28 19:24:45.903361,VIN-100223,2100,90,NONE
2026-06-28 19:24:45.903364,VIN-100224,2100,90,NONE
2026-06-28 19:24:45.903367,VIN-100225,2100,90,P0171
2026-06-28 19:24:45.903370,VIN-100226,2100,90,NONE
2026-06-28 19:24:45.903374,VIN-100227,2100,90,NONE
2026-06-28 19:24:45.903377,VIN-100228,2100,90,NONE
2026-06-28 19:24:45.903380,VIN-100229,2100,90,NONE
2026-06-28 19:24:45.903383,VIN-100230,2100,90,NONE
2026-06-28 19:24:45.903386,VIN-100231,2100,90,NONE
2026-06-28 19:24:45.903389,VIN-100232,2100,90,NONE
2026-06-28 19:24:45.903392,VIN-100233,2100,90,NONE
2026-06-28 19:24:45.903440,VIN-100234,2100,90,NONE
2026-06-28 19:24:45.903453,VIN-100235,2100,90,NONE
2026-06-28 19:24:45.903456,VIN-100236,2100,90,NONE
2026-06-28 19:24:45.903468,VIN-100237,2100,90,NONE
2026-06-28 19:24:45.903471,VIN-100238,2100,90,NONE
2026-06-28 19:24:45.903474,VIN-100239,2100,90,NONE
2026-06-28 19:24:45.903477,VIN-100240,2100,90,NONE
2026-06-28 19:24:45.903480,VIN-100241,2100,90,NONE
2026-06-28 19:24:45.903482,VIN-100242,2100,90,NONE
2026-06-28 19:24:45.903486,VIN-100243,2100,90,NONE
2026-06-28 19:24:45.903489,VIN-100244,2100,90,NONE
2026-06-28 19:24:45.903492,VIN-100245,2100,90,NONE
2026-06-28 19:24:45.903495,VIN-100246,2100,90,NONE
2026-06-28 19:24:45.903498,VIN-100247,2100,90,NONE
2026-06-28 19:24:45.903501,VIN-100248,2100,90,NONE
2026-06-28 19:24:45.903504,VIN-100249,2100,90,NONE
2026-06-28 19:24:45.903507,VIN-100250,2100,90,P0300
2026-06-28 19:24:45.903510,VIN-100251,2100,90,NONE
2026-06-28 19:24:45.903513,VIN-100252,2100,90,NONE
2026-06-28 19:24:45.903516,VIN-100253,2100,90,NONE
2026-06-28 19:24:45.903519,VIN-100254,2100,90,NONE
2026-06-28 19:24:45.903523,VIN-100255,2100,90,NONE
2026-06-28 19:24:45.903526,VIN-100256,2100,90,NONE
2026-06-28 19:24:45.903529,VIN-100257,2100,90,NONE
2026-06-28 19:24:45.903532,VIN-100258,2100,90,NONE
2026-06-28 19:24:45.903535,VIN-100259,2100,90,NONE
2026-06-28 19:24:45.903538,VIN-100260,2100,90,NONE
2026-06-28 19:24:45.903542,VIN-100261,2100,90,NONE
2026-06-28 19:24:45.903545,VIN-100262,2100,90,NONE
2026-06-28 19:24:45.903548,VIN-100263,2100,90,NONE
2026-06-28 19:24:45.903551,VIN-100264,2100,90,NONE
2026-06-28 19:24:45.903554,VIN-100265,2100,90,NONE
2026-06-28 19:24:45.903557,VIN-100266,2100,90,NONE
2026-06-28 19:24:45.903560,VIN-100267,2100,90,NONE
2026-06-28 19:24:45.903563,VIN-100268,2100,90,NONE
2026-06-28 19:24:45.903567,VIN-100269,2100,90,NONE
2026-06-28 19:24:45.903570,VIN-100270,2100,90,NONE
2026-06-28 19:24:45.903573,VIN-100271,2100,90,NONE
2026-06-28 19:24:45.903576,VIN-100272,2100,90,NONE
2026-06-28 19:24:45.903579,VIN-100273,2100,90,NONE
2026-06-28 19:24:45.903582,VIN-100274,2100,90,NONE
2026-06-28 19:24:45.903585,VIN-100275,2100,90,NONE
2026-06-28 19:24:45.903588,VIN-100276,2100,90,NONE
2026-06-28 19:24:45.903591,VIN-100277,2100,90,NONE
2026-06-28 19:24:45.903594,VIN-100278,2100,90,NONE
2026-06-28 19:24:45.903598,VIN-100279,2100,90,NONE
2026-06-28 19:24:45.903601,VIN-100280,2100,90,NONE
2026-06-28 19:24:45.903604,VIN-100281,2100,90,NONE
2026-06-28 19:24:45.903607,VIN-100282,2100,90,NONE
2026-06-28 19:24:45.903610,VIN-100283,2100,90,NONE
2026-06-28 19:24:45.903613,VIN-100284,2100,90,NONE
2026-06-28 19:24:45.903616,VIN-100285,2100,90,NONE
2026-06-28 19:24:45.903620,VIN-100286,2100,90,NONE
2026-06-28 19:24:45.903623,VIN-100287,2100,90,NONE
2026-06-28 19:24:45.903626,VIN-100288,2100,90,NONE
2026-06-28 19:24:45.903629,VIN-100289,2100,90,NONE
2026-06-28 19:24:45.903632,VIN-100290,2100,90,NONE
2026-06-28 19:24:45.903636,VIN-100291,2100,90,NONE
2026-06-28 19:24:45.903639,VIN-100292,2100,90,NONE
2026-06-28 19:24:45.903642,VIN-100293,2100,90,NONE
2026-06-28 19:24:45.903645,VIN-100294,2100,90,NONE
2026-06-28 19:24:45.903648,VIN-100295,2100,90,NONE
2026-06-28 19:24:45.903651,VIN-100296,2100,90,NONE
2026-06-28 19:24:45.903655,VIN-100297,2100,90,NONE
2026-06-28 19:24:45.903658,VIN-100298,2100,90,NONE
2026-06-28 19:24:45.903661,VIN-100299,2100,90,NONE
2026-06-28 19:24:45.903664,VIN-100300,2100,90,P0300
2026-06-28 19:24:45.903668,VIN-100301,2100,90,NONE
2026-06-28 19:24:45.903671,VIN-100302,2100,90,NONE
2026-06-28 19:24:45.903674,VIN-100303,2100,90,NONE
2026-06-28 19:24:45.903677,VIN-100304,2100,90,NONE
2026-06-28 19:24:45.903680,VIN-100305,2100,90,NONE
2026-06-28 19:24:45.903684,VIN-100306,2100,90,NONE
2026-06-28 19:24:45.903687,VIN-100307,2100,90,NONE
2026-06-28 19:24:45.903690,VIN-100308,2100,90,NONE
2026-06-28 19:24:45.903693,VIN-100309,2100,90,NONE
2026-06-28 19:24:45.903697,VIN-100310,2100,90,NONE
2026-06-28 19:24:45.903700,VIN-100311,2100,90,NONE
2026-06-28 19:24:45.903703,VIN-100312,2100,90,NONE
2026-06-28 19:24:45.903706,VIN-100313,2100,90,NONE
2026-06-28 19:24:45.903710,VIN-100314,2100,90,NONE
2026-06-28 19:24:45.903713,VIN-100315,2100,90,NONE
2026-06-28 19:24:45.903716,VIN-100316,2100,90,NONE
2026-06-28 19:24:45.903719,VIN-100317,2100,90,NONE
2026-06-28 19:24:45.903722,VIN-100318,2100,90,NONE
2026-06-28 19:24:45.903726,VIN-100319,2100,90,NONE
2026-06-28 19:24:45.903729,VIN-100320,2100,90,NONE
2026-06-28 19:24:45.903732,VIN-100321,2100,90,NONE
2026-06-28 19:24:45.903735,VIN-100322,2100,90,NONE
2026-06-28 19:24:45.903739,VIN-100323,2100,90,NONE
2026-06-28 19:24:45.903742,VIN-100324,2100,90,NONE
2026-06-28 19:24:45.903745,VIN-100325,2100,90,NONE
2026-06-28 19:24:45.903748,VIN-100326,2100,90,NONE
2026-06-28 19:24:45.903752,VIN-100327,2100,90,NONE
2026-06-28 19:24:45.903755,VIN-100328,2100,90,NONE
2026-06-28 19:24:45.903758,VIN-100329,2100,90,NONE
2026-06-28 19:24:45.903761,VIN-100330,2100,90,NONE
2026-06-28 19:24:45.903765,VIN-100331,2100,90,NONE
2026-06-28 19:24:45.903768,VIN-100332,2100,90,NONE
2026-06-28 19:24:45.903771,VIN-100333,2100,90,NONE
2026-06-28 19:24:45.903774,VIN-100334,2100,90,NONE
2026-06-28 19:24:45.903790,VIN-100335,2100,90,NONE
2026-06-28 19:24:45.903796,VIN-100336,2100,90,NONE
2026-06-28 19:24:45.903800,VIN-100337,2100,90,NONE
2026-06-28 19:24:45.903843,VIN-100338,2100,90,NONE
2026-06-28 19:24:45.903851,VIN-100339,2100,90,NONE
2026-06-28 19:24:45.903855,VIN-100340,2100,90,NONE
2026-06-28 19:24:45.903859,VIN-100341,2100,90,NONE
2026-06-28 19:24:45.903862,VIN-100342,2100,90,NONE
2026-06-28 19:24:45.903865,VIN-100343,2100,90,NONE
2026-06-28 19:24:45.903869,VIN-100344,2100,90,NONE
2026-06-28 19:24:45.903872,VIN-100345,2100,90,NONE
2026-06-28 19:24:45.903876,VIN-100346,2100,90,NONE
2026-06-28 19:24:45.903879,VIN-100347,2100,90,NONE
2026-06-28 19:24:45.903883,VIN-100348,2100,90,NONE
2026-06-28 19:24:45.903886,VIN-100349,2100,90,NONE
2026-06-28 19:24:45.903889,VIN-100350,2100,90,P0300
2026-06-28 19:24:45.903893,VIN-100351,2100,90,NONE
2026-06-28 19:24:45.903896,VIN-100352,2100,90,NONE
2026-06-28 19:24:45.903900,VIN-100353,2100,90,NONE
2026-06-28 19:24:45.903903,VIN-100354,2100,90,NONE
2026-06-28 19:24:45.903907,VIN-100355,2100,90,NONE
2026-06-28 19:24:45.903910,VIN-100356,2100,90,NONE
2026-06-28 19:24:45.903913,VIN-100357,2100,90,NONE
2026-06-28 19:24:45.903917,VIN-100358,2100,90,NONE
2026-06-28 19:24:45.903920,VIN-100359,2100,90,NONE
2026-06-28 19:24:45.903924,VIN-100360,2100,90,NONE
2026-06-28 19:24:45.903927,VIN-100361,2100,90,NONE
2026-06-28 19:24:45.903930,VIN-100362,2100,90,NONE
2026-06-28 19:24:45.903934,VIN-100363,2100,90,NONE
2026-06-28 19:24:45.903937,VIN-100364,2100,90,NONE
2026-06-28 19:24:45.903941,VIN-100365,2100,90,NONE
2026-06-28 19:24:45.903944,VIN-100366,2100,90,NONE
2026-06-28 19:24:45.903948,VIN-100367,2100,90,NONE
2026-06-28 19:24:45.903951,VIN-100368,2100,90,NONE
2026-06-28 19:24:45.903955,VIN-100369,2100,90,NONE
2026-06-28 19:24:45.903959,VIN-100370,2100,90,NONE
2026-06-28 19:24:45.903962,VIN-100371,2100,90,NONE
2026-06-28 19:24:45.903966,VIN-100372,2100,90,NONE
2026-06-28 19:24:45.903969,VIN-100373,2100,90,NONE
2026-06-28 19:24:45.903973,VIN-100374,2100,90,NONE
2026-06-28 19:24:45.903976,VIN-100375,2100,90,P0171
2026-06-28 19:24:45.903980,VIN-100376,2100,90,NONE
2026-06-28 19:24:45.903983,VIN-100377,2100,90,NONE
2026-06-28 19:24:45.903987,VIN-100378,2100,90,NONE
2026-06-28 19:24:45.903990,VIN-100379,2100,90,NONE
2026-06-28 19:24:45.903994,VIN-100380,2100,90,NONE
2026-06-28 19:24:45.903997,VIN-100381,2100,90,NONE
2026-06-28 19:24:45.904001,VIN-100382,2100,90,NONE
2026-06-28 19:24:45.904004,VIN-100383,2100,90,NONE
2026-06-28 19:24:45.904008,VIN-100384,2100,90,NONE
2026-06-28 19:24:45.904011,VIN-100385,2100,90,NONE
2026-06-28 19:24:45.904015,VIN-100386,2100,90,NONE
2026-06-28 19:24:45.904018,VIN-100387,2100,90,NONE
2026-06-28 19:24:45.904022,VIN-100388,2100,90,NONE
2026-06-28 19:24:45.904026,VIN-100389,2100,90,NONE
2026-06-28 19:24:45.904029,VIN-100390,2100,90,NONE
2026-06-28 19:24:45.904033,VIN-100391,2100,90,NONE
2026-06-28 19:24:45.904036,VIN-100392,2100,90,NONE
2026-06-28 19:24:45.904040,VIN-100393,2100,90,NONE
2026-06-28 19:24:45.904043,VIN-100394,2100,90,NONE
2026-06-28 19:24:45.904047,VIN-100395,2100,90,NONE
2026-06-28 19:24:45.904051,VIN-100396,2100,90,NONE
2026-06-28 19:24:45.904054,VIN-100397,2100,90,NONE
2026-06-28 19:24:45.904058,VIN-100398,2100,90,NONE
2026-06-28 19:24:45.904061,VIN-100399,2100,90,NONE
2026-06-28 19:24:45.904065,VIN-100400,2100,90,P0300
2026-06-28 19:24:45.904069,VIN-100401,2100,90,NONE
2026-06-28 19:24:45.904072,VIN-100402,2100,90,NONE
2026-06-28 19:24:45.904076,VIN-100403,2100,90,NONE
2026-06-28 19:24:45.904080,VIN-100404,2100,90,NONE
2026-06-28 19:24:45.904084,VIN-100405,2100,90,NONE
2026-06-28 19:24:45.904088,VIN-100406,2100,90,NONE
2026-06-28 19:24:45.904091,VIN-100407,2100,90,NONE
2026-06-28 19:24:45.904095,VIN-100408,2100,90,NONE
2026-06-28 19:24:45.904099,VIN-100409,2100,90,NONE
2026-06-28 19:24:45.904103,VIN-100410,2100,90,NONE
2026-06-28 19:24:45.904106,VIN-100411,2100,90,NONE
2026-06-28 19:24:45.904110,VIN-100412,2100,90,NONE
2026-06-28 19:24:45.904114,VIN-100413,2100,90,NONE
2026-06-28 19:24:45.904117,VIN-100414,2100,90,NONE
2026-06-28 19:24:45.904121,VIN-100415,2100,90,NONE
2026-06-28 19:24:45.904124,VIN-100416,2100,90,NONE
2026-06-28 19:24:45.904128,VIN-100417,2100,90,NONE
2026-06-28 19:24:45.904132,VIN-100418,2100,90,NONE
2026-06-28 19:24:45.904135,VIN-100419,2100,90,NONE
2026-06-28 19:24:45.904139,VIN-100420,2100,90,NONE
2026-06-28 19:24:45.904142,VIN-100421,2100,90,NONE
2026-06-28 19:24:45.904146,VIN-100422,2100,90,NONE
2026-06-28 19:24:45.904149,VIN-100423,2100,90,NONE
2026-06-28 19:24:45.904153,VIN-100424,2100,90,NONE
2026-06-28 19:24:45.904157,VIN-100425,2100,90,NONE
2026-06-28 19:24:45.904160,VIN-100426,2100,90,NONE
2026-06-28 19:24:45.904164,VIN-100427,2100,90,NONE
2026-06-28 19:24:45.904168,VIN-100428,2100,90,NONE
2026-06-28 19:24:45.904171,VIN-100429,2100,90,NONE
2026-06-28 19:24:45.904175,VIN-100430,2100,90,NONE
2026-06-28 19:24:45.904179,VIN-100431,2100,90,NONE
2026-06-28 19:24:45.904182,VIN-100432,2100,90,NONE
2026-06-28 19:24:45.904187,VIN-100433,2100,90,NONE
2026-06-28 19:24:45.904190,VIN-100434,2100,90,NONE
2026-06-28 19:24:45.904194,VIN-100435,2100,90,NONE
2026-06-28 19:24:45.904197,VIN-100436,2100,90,NONE
2026-06-28 19:24:45.904201,VIN-100437,2100,90,NONE
2026-06-28 19:24:45.904205,VIN-100438,2100,90,NONE
2026-06-28 19:24:45.904209,VIN-100439,2100,90,NONE
2026-06-28 19:24:45.904212,VIN-100440,2100,90,NONE
2026-06-28 19:24:45.904216,VIN-100441,2100,90,NONE
2026-06-28 19:24:45.904220,VIN-100442,2100,90,NONE
2026-06-28 19:24:45.904223,VIN-100443,2100,90,NONE
2026-06-28 19:24:45.904227,VIN-100444,2100,90,NONE
2026-06-28 19:24:45.904231,VIN-100445,2100,90,NONE
2026-06-28 19:24:45.904235,VIN-100446,2100,90,NONE
2026-06-28 19:24:45.904238,VIN-100447,2100,90,NONE
2026-06-28 19:24:45.904242,VIN-100448,2100,90,NONE
2026-06-28 19:24:45.904246,VIN-100449,2100,90,NONE
2026-06-28 19:24:45.904249,VIN-100450,2100,90,P0300
2026-06-28 19:24:45.904253,VIN-100451,2100,90,NONE
2026-06-28 19:24:45.904257,VIN-100452,2100,90,NONE
2026-06-28 19:24:45.904261,VIN-100453,2100,90,NONE
2026-06-28 19:24:45.904264,VIN-100454,2100,90,NONE
2026-06-28 19:24:45.904268,VIN-100455,2100,90,NONE
2026-06-28 19:24:45.904272,VIN-100456,2100,90,NONE
2026-06-28 19:24:45.904276,VIN-100457,2100,90,NONE
2026-06-28 19:24:45.904279,VIN-100458,2100,90,NONE
2026-06-28 19:24:45.904283,VIN-100459,2100,90,NONE
2026-06-28 19:24:45.904287,VIN-100460,2100,90,NONE
2026-06-28 19:24:45.904291,VIN-100461,2100,90,NONE
2026-06-28 19:24:45.904294,VIN-100462,2100,90,NONE
2026-06-28 19:24:45.904298,VIN-100463,2100,90,NONE
2026-06-28 19:24:45.904302,VIN-100464,2100,90,NONE
2026-06-28 19:24:45.904306,VIN-100465,2100,90,NONE
2026-06-28 19:24:45.904310,VIN-100466,2100,90,NONE
2026-06-28 19:24:45.904313,VIN-100467,2100,90,NONE
2026-06-28 19:24:45.904317,VIN-100468,2100,90,NONE
2026-06-28 19:24:45.904321,VIN-100469,2100,90,NONE
2026-06-28 19:24:45.904325,VIN-100470,2100,90,NONE
2026-06-28 19:24:45.904328,VIN-100471,2100,90,NONE
2026-06-28 19:24:45.904332,VIN-100472,2100,90,NONE
2026-06-28 19:24:45.904336,VIN-100473,2100,90,NONE
2026-06-28 19:24:45.904340,VIN-100474,2100,90,NONE
2026-06-28 19:24:45.904343,VIN-100475,2100,90,NONE
2026-06-28 19:24:45.904347,VIN-100476,2100,90,NONE
2026-06-28 19:24:45.904351,VIN-100477,2100,90,NONE
2026-06-28 19:24:45.904355,VIN-100478,2100,90,NONE
2026-06-28 19:24:45.904359,VIN-100479,2100,90,NONE
2026-06-28 19:24:45.904362,VIN-100480,2100,90,NONE
2026-06-28 19:24:45.904366,VIN-100481,2100,90,NONE
2026-06-28 19:24:45.904370,VIN-100482,2100,90,NONE
2026-06-28 19:24:45.904374,VIN-100483,2100,90,NONE
2026-06-28 19:24:45.904378,VIN-100484,2100,90,NONE
2026-06-28 19:24:45.904382,VIN-100485,2100,90,NONE
2026-06-28 19:24:45.904386,VIN-100486,2100,90,NONE
2026-06-28 19:24:45.904390,VIN-100487,2100,90,NONE
2026-06-28 19:24:45.904394,VIN-100488,2100,90,NONE
2026-06-28 19:24:45.904398,VIN-100489,2100,90,NONE
2026-06-28 19:24:45.904402,VIN-100490,2100,90,NONE
2026-06-28 19:24:45.904406,VIN-100491,2100,90,NONE
2026-06-28 19:24:45.904409,VIN-100492,2100,90,NONE
2026-06-28 19:24:45.904413,VIN-100493,2100,90,NONE
2026-06-28 19:24:45.904417,VIN-100494,2100,90,NONE
2026-06-28 19:24:45.904421,VIN-100495,2100,90,NONE
2026-06-28 19:24:45.904425,VIN-100496,2100,90,NONE
2026-06-28 19:24:45.904429,VIN-100497,2100,90,NONE
2026-06-28 19:24:45.904433,VIN-100498,2100,90,NONE
2026-06-28 19:24:45.904437,VIN-100499,2100,90,NONE
2026-06-28 19:24:45.904440,VIN-100500,2100,90,P0300
2026-06-28 19:24:45.904444,VIN-100501,2100,90,NONE
2026-06-28 19:24:45.904449,VIN-100502,2100,90,NONE
2026-06-28 19:24:45.904453,VIN-100503,2100,90,NONE
2026-06-28 19:24:45.904457,VIN-100504,2100,90,NONE
2026-06-28 19:24:45.904461,VIN-100505,2100,90,NONE
2026-06-28 19:24:45.904465,VIN-100506,2100,90,NONE
2026-06-28 19:24:45.904469,VIN-100507,2100,90,NONE
2026-06-28 19:24:45.904474,VIN-100508,2100,90,NONE
2026-06-28 19:24:45.904479,VIN-100509,2100,90,NONE
2026-06-28 19:24:45.904483,VIN-100510,2100,90,NONE
2026-06-28 19:24:45.904487,VIN-100511,2100,90,NONE
2026-06-28 19:24:45.904491,VIN-100512,2100,90,NONE
2026-06-28 19:24:45.904495,VIN-100513,2100,90,NONE
2026-06-28 19:24:45.904499,VIN-100514,2100,90,NONE
2026-06-28 19:24:45.904503,VIN-100515,2100,90,NONE
2026-06-28 19:24:45.904507,VIN-100516,2100,90,NONE
2026-06-28 19:24:45.904511,VIN-100517,2100,90,NONE
2026-06-28 19:24:45.904515,VIN-100518,2100,90,NONE
2026-06-28 19:24:45.904519,VIN-100519,2100,90,NONE
2026-06-28 19:24:45.904523,VIN-100520,2100,90,NONE
2026-06-28 19:24:45.904527,VIN-100521,2100,90,NONE
2026-06-28 19:24:45.904531,VIN-100522,2100,90,NONE
2026-06-28 19:24:45.904535,VIN-100523,2100,90,NONE
2026-06-28 19:24:45.904539,VIN-100524,2100,90,NONE
2026-06-28 19:24:45.904543,VIN-100525,2100,90,P0171
2026-06-28 19:24:45.904547,VIN-100526,2100,90,NONE
2026-06-28 19:24:45.904551,VIN-100527,2100,90,NONE
2026-06-28 19:24:45.904555,VIN-100528,2100,90,NONE
2026-06-28 19:24:45.904559,VIN-100529,2100,90,NONE
2026-06-28 19:24:45.904563,VIN-100530,2100,90,NONE
2026-06-28 19:24:45.904567,VIN-100531,2100,90,NONE
2026-06-28 19:24:45.904571,VIN-100532,2100,90,NONE
2026-06-28 19:24:45.904575,VIN-100533,2100,90,NONE
2026-06-28 19:24:45.904579,VIN-100534,2100,90,NONE
2026-06-28 19:24:45.904583,VIN-100535,2100,90,NONE
2026-06-28 19:24:45.904587,VIN-100536,2100,90,NONE
2026-06-28 19:24:45.904591,VIN-100537,2100,90,NONE
2026-06-28 19:24:45.904595,VIN-100538,2100,90,NONE
2026-06-28 19:24:45.904599,VIN-100539,2100,90,NONE
2026-06-28 19:24:45.904603,VIN-100540,2100,90,NONE
2026-06-28 19:24:45.904607,VIN-100541,2100,90,NONE
2026-06-28 19:24:45.904611,VIN-100542,2100,90,NONE
2026-06-28 19:24:45.904615,VIN-100543,2100,90,NONE
2026-06-28 19:24:45.904619,VIN-100544,2100,90,NONE
2026-06-28 19:24:45.904623,VIN-100545,2100,90,NONE
2026-06-28 19:24:45.904627,VIN-100546,2100,90,NONE
2026-06-28 19:24:45.904631,VIN-100547,2100,90,NONE
2026-06-28 19:24:45.904635,VIN-100548,2100,90,NONE
2026-06-28 19:24:45.904639,VIN-100549,2100,90,NONE
2026-06-28 19:24:45.904642,VIN-100550,2100,90,P0300
2026-06-28 19:24:45.904646,VIN-100551,2100,90,NONE
2026-06-28 19:24:45.904651,VIN-100552,2100,90,NONE
2026-06-28 19:24:45.904655,VIN-100553,2100,90,NONE
2026-06-28 19:24:45.904659,VIN-100554,2100,90,NONE
2026-06-28 19:24:45.904663,VIN-100555,2100,90,NONE
2026-06-28 19:24:45.904667,VIN-100556,2100,90,NONE
2026-06-28 19:24:45.904671,VIN-100557,2100,90,NONE
2026-06-28 19:24:45.904675,VIN-100558,2100,90,NONE
2026-06-28 19:24:45.904679,VIN-100559,2100,90,NONE
2026-06-28 19:24:45.904683,VIN-100560,2100,90,NONE
2026-06-28 19:24:45.904688,VIN-100561,2100,90,NONE
2026-06-28 19:24:45.904692,VIN-100562,2100,90,NONE
2026-06-28 19:24:45.904697,VIN-100563,2100,90,NONE
2026-06-28 19:24:45.904701,VIN-100564,2100,90,NONE
2026-06-28 19:24:45.904706,VIN-100565,2100,90,NONE
2026-06-28 19:24:45.904711,VIN-100566,2100,90,NONE
2026-06-28 19:24:45.904715,VIN-100567,2100,90,NONE
2026-06-28 19:24:45.904719,VIN-100568,2100,90,NONE
2026-06-28 19:24:45.904723,VIN-100569,2100,90,NONE
2026-06-28 19:24:45.904727,VIN-100570,2100,90,NONE
2026-06-28 19:24:45.904731,VIN-100571,2100,90,NONE
2026-06-28 19:24:45.904736,VIN-100572,2100,90,NONE
2026-06-28 19:24:45.904740,VIN-100573,2100,90,NONE
2026-06-28 19:24:45.904744,VIN-100574,2100,90,NONE
2026-06-28 19:24:45.904748,VIN-100575,2100,90,NONE
2026-06-28 19:24:45.904752,VIN-100576,2100,90,NONE
2026-06-28 19:24:45.904756,VIN-100577,2100,90,NONE
2026-06-28 19:24:45.904760,VIN-100578,2100,90,NONE
2026-06-28 19:24:45.904764,VIN-100579,2100,90,NONE
2026-06-28 19:24:45.904768,VIN-100580,2100,90,NONE
2026-06-28 19:24:45.904772,VIN-100581,2100,90,NONE
2026-06-28 19:24:45.904776,VIN-100582,2100,90,NONE
2026-06-28 19:24:45.904780,VIN-100583,2100,90,NONE
2026-06-28 19:24:45.904784,VIN-100584,2100,90,NONE
2026-06-28 19:24:45.904789,VIN-100585,2100,90,NONE
2026-06-28 19:24:45.904793,VIN-100586,2100,90,NONE
2026-06-28 19:24:45.904797,VIN-100587,2100,90,NONE
2026-06-28 19:24:45.904801,VIN-100588,2100,90,NONE
2026-06-28 19:24:45.904805,VIN-100589,2100,90,NONE
2026-06-28 19:24:45.904809,VIN-100590,2100,90,NONE
2026-06-28 19:24:45.904813,VIN-100591,2100,90,NONE
2026-06-28 19:24:45.904926,VIN-100592,2100,90,NONE
2026-06-28 19:24:45.904934,VIN-100593,2100,90,NONE
2026-06-28 19:24:45.904939,VIN-100594,2100,90,NONE
2026-06-28 19:24:45.904943,VIN-100595,2100,90,NONE
2026-06-28 19:24:45.904948,VIN-100596,2100,90,NONE
2026-06-28 19:24:45.904952,VIN-100597,2100,90,NONE
2026-06-28 19:24:45.904956,VIN-100598,2100,90,NONE
2026-06-28 19:24:45.904960,VIN-100599,2100,90,NONE
2026-06-28 19:24:45.904965,VIN-100600,2100,90,P0300
2026-06-28 19:24:45.904970,VIN-100601,2100,90,NONE
2026-06-28 19:24:45.904974,VIN-100602,2100,90,NONE
2026-06-28 19:24:45.904978,VIN-100603,2100,90,NONE
2026-06-28 19:24:45.904983,VIN-100604,2100,90,NONE
2026-06-28 19:24:45.904988,VIN-100605,2100,90,NONE
2026-06-28 19:24:45.904992,VIN-100606,2100,90,NONE
2026-06-28 19:24:45.904996,VIN-100607,2100,90,NONE
2026-06-28 19:24:45.905000,VIN-100608,2100,90,NONE
2026-06-28 19:24:45.905004,VIN-100609,2100,90,NONE
2026-06-28 19:24:45.905009,VIN-100610,2100,90,NONE
2026-06-28 19:24:45.905013,VIN-100611,2100,90,NONE
2026-06-28 19:24:45.905018,VIN-100612,2100,90,NONE
2026-06-28 19:24:45.905022,VIN-100613,2100,90,NONE
2026-06-28 19:24:45.905026,VIN-100614,2100,90,NONE
2026-06-28 19:24:45.905031,VIN-100615,2100,90,NONE
2026-06-28 19:24:45.905035,VIN-100616,2100,90,NONE
2026-06-28 19:24:45.905040,VIN-100617,2100,90,NONE
2026-06-28 19:24:45.905044,VIN-100618,2100,90,NONE
2026-06-28 19:24:45.905048,VIN-100619,2100,90,NONE
2026-06-28 19:24:45.905053,VIN-100620,2100,90,NONE
2026-06-28 19:24:45.905058,VIN-100621,2100,90,NONE
2026-06-28 19:24:45.905062,VIN-100622,2100,90,NONE
2026-06-28 19:24:45.905066,VIN-100623,2100,90,NONE
2026-06-28 19:24:45.905071,VIN-100624,2100,90,NONE
2026-06-28 19:24:45.905075,VIN-100625,2100,90,NONE
2026-06-28 19:24:45.905079,VIN-100626,2100,90,NONE
2026-06-28 19:24:45.905083,VIN-100627,2100,90,NONE
2026-06-28 19:24:45.905088,VIN-100628,2100,90,NONE
2026-06-28 19:24:45.905092,VIN-100629,2100,90,NONE
2026-06-28 19:24:45.905096,VIN-100630,2100,90,NONE
2026-06-28 19:24:45.905101,VIN-100631,2100,90,NONE
2026-06-28 19:24:45.905105,VIN-100632,2100,90,NONE
2026-06-28 19:24:45.905109,VIN-100633,2100,90,NONE
2026-06-28 19:24:45.905114,VIN-100634,2100,90,NONE
2026-06-28 19:24:45.905118,VIN-100635,2100,90,NONE
2026-06-28 19:24:45.905122,VIN-100636,2100,90,NONE
2026-06-28 19:24:45.905126,VIN-100637,2100,90,NONE
2026-06-28 19:24:45.905131,VIN-100638,2100,90,NONE
2026-06-28 19:24:45.905135,VIN-100639,2100,90,NONE
2026-06-28 19:24:45.905139,VIN-100640,2100,90,NONE
2026-06-28 19:24:45.905144,VIN-100641,2100,90,NONE
2026-06-28 19:24:45.905149,VIN-100642,2100,90,NONE
2026-06-28 19:24:45.905154,VIN-100643,2100,90,NONE
2026-06-28 19:24:45.905159,VIN-100644,2100,90,NONE
2026-06-28 19:24:45.905163,VIN-100645,2100,90,NONE
2026-06-28 19:24:45.905169,VIN-100646,2100,90,NONE
2026-06-28 19:24:45.905173,VIN-100647,2100,90,NONE
2026-06-28 19:24:45.905177,VIN-100648,2100,90,NONE
2026-06-28 19:24:45.905182,VIN-100649,2100,90,NONE
2026-06-28 19:24:45.905186,VIN-100650,2100,90,P0300
2026-06-28 19:24:45.905191,VIN-100651,2100,90,NONE
2026-06-28 19:24:45.905195,VIN-100652,2100,90,NONE
2026-06-28 19:24:45.905200,VIN-100653,2100,90,NONE
2026-06-28 19:24:45.905204,VIN-100654,2100,90,NONE
2026-06-28 19:24:45.905208,VIN-100655,2100,90,NONE
2026-06-28 19:24:45.905213,VIN-100656,2100,90,NONE
2026-06-28 19:24:45.905217,VIN-100657,2100,90,NONE
2026-06-28 19:24:45.905221,VIN-100658,2100,90,NONE
2026-06-28 19:24:45.905226,VIN-100659,2100,90,NONE
2026-06-28 19:24:45.905230,VIN-100660,2100,90,NONE
2026-06-28 19:24:45.905234,VIN-100661,2100,90,NONE
2026-06-28 19:24:45.905239,VIN-100662,2100,90,NONE
2026-06-28 19:24:45.905243,VIN-100663,2100,90,NONE
2026-06-28 19:24:45.905247,VIN-100664,2100,90,NONE
2026-06-28 19:24:45.905252,VIN-100665,2100,90,NONE
2026-06-28 19:24:45.905256,VIN-100666,2100,90,NONE
2026-06-28 19:24:45.905260,VIN-100667,2100,90,NONE
2026-06-28 19:24:45.905265,VIN-100668,2100,90,NONE
2026-06-28 19:24:45.905269,VIN-100669,2100,90,NONE
2026-06-28 19:24:45.905273,VIN-100670,2100,90,NONE
2026-06-28 19:24:45.905278,VIN-100671,2100,90,NONE
2026-06-28 19:24:45.905282,VIN-100672,2100,90,NONE
2026-06-28 19:24:45.905286,VIN-100673,2100,90,NONE
2026-06-28 19:24:45.905291,VIN-100674,2100,90,NONE
2026-06-28 19:24:45.905295,VIN-100675,2100,90,P0171
2026-06-28 19:24:45.905299,VIN-100676,2100,90,NONE
2026-06-28 19:24:45.905304,VIN-100677,2100,90,NONE
2026-06-28 19:24:45.905308,VIN-100678,2100,90,NONE
2026-06-28 19:24:45.905313,VIN-100679,2100,90,NONE
2026-06-28 19:24:45.905317,VIN-100680,2100,90,NONE
2026-06-28 19:24:45.905323,VIN-100681,2100,90,NONE
2026-06-28 19:24:45.905327,VIN-100682,2100,90,NONE
2026-06-28 19:24:45.905332,VIN-100683,2100,90,NONE
2026-06-28 19:24:45.905336,VIN-100684,2100,90,NONE
2026-06-28 19:24:45.905341,VIN-100685,2100,90,NONE
2026-06-28 19:24:45.905345,VIN-100686,2100,90,NONE
2026-06-28 19:24:45.905349,VIN-100687,2100,90,NONE
2026-06-28 19:24:45.905354,VIN-100688,2100,90,NONE
2026-06-28 19:24:45.905358,VIN-100689,2100,90,NONE
2026-06-28 19:24:45.905363,VIN-100690,2100,90,NONE
2026-06-28 19:24:45.905367,VIN-100691,2100,90,NONE
2026-06-28 19:24:45.905372,VIN-100692,2100,90,NONE
2026-06-28 19:24:45.905377,VIN-100693,2100,90,NONE
2026-06-28 19:24:45.905381,VIN-100694,2100,90,NONE
2026-06-28 19:24:45.905386,VIN-100695,2100,90,NONE
2026-06-28 19:24:45.905390,VIN-100696,2100,90,NONE
2026-06-28 19:24:45.905395,VIN-100697,2100,90,NONE
2026-06-28 19:24:45.905399,VIN-100698,2100,90,NONE
2026-06-28 19:24:45.905404,VIN-100699,2100,90,NONE
2026-06-28 19:24:45.905408,VIN-100700,2100,90,P0300
2026-06-28 19:24:45.905413,VIN-100701,2100,90,NONE
2026-06-28 19:24:45.905417,VIN-100702,2100,90,NONE
2026-06-28 19:24:45.905422,VIN-100703,2100,90,NONE
2026-06-28 19:24:45.905426,VIN-100704,2100,90,NONE
2026-06-28 19:24:45.905431,VIN-100705,2100,90,NONE
2026-06-28 19:24:45.905435,VIN-100706,2100,90,NONE
2026-06-28 19:24:45.905440,VIN-100707,2100,90,NONE
2026-06-28 19:24:45.905444,VIN-100708,2100,90,NONE
2026-06-28 19:24:45.905449,VIN-100709,2100,90,NONE
2026-06-28 19:24:45.905453,VIN-100710,2100,90,NONE
2026-06-28 19:24:45.905458,VIN-100711,2100,90,NONE
2026-06-28 19:24:45.905462,VIN-100712,2100,90,NONE
2026-06-28 19:24:45.905467,VIN-100713,2100,90,NONE
2026-06-28 19:24:45.905472,VIN-100714,2100,90,NONE
2026-06-28 19:24:45.905476,VIN-100715,2100,90,NONE
2026-06-28 19:24:45.905481,VIN-100716,2100,90,NONE
2026-06-28 19:24:45.905485,VIN-100717,2100,90,NONE
2026-06-28 19:24:45.905490,VIN-100718,2100,90,NONE
2026-06-28 19:24:45.905494,VIN-100719,2100,90,NONE
2026-06-28 19:24:45.905499,VIN-100720,2100,90,NONE
2026-06-28 19:24:45.905504,VIN-100721,2100,90,NONE
2026-06-28 19:24:45.905509,VIN-100722,2100,90,NONE
2026-06-28 19:24:45.905513,VIN-100723,2100,90,NONE
2026-06-28 19:24:45.905518,VIN-100724,2100,90,NONE
2026-06-28 19:24:45.905524,VIN-100725,2100,90,NONE
2026-06-28 19:24:45.905528,VIN-100726,2100,90,NONE
2026-06-28 19:24:45.905533,VIN-100727,2100,90,NONE
2026-06-28 19:24:45.905538,VIN-100728,2100,90,NONE
2026-06-28 19:24:45.905544,VIN-100729,2100,90,NONE
2026-06-28 19:24:45.905549,VIN-100730,2100,90,NONE
2026-06-28 19:24:45.905553,VIN-100731,2100,90,NONE
2026-06-28 19:24:45.905558,VIN-100732,2100,90,NONE
2026-06-28 19:24:45.905563,VIN-100733,2100,90,NONE
2026-06-28 19:24:45.905567,VIN-100734,2100,90,NONE
2026-06-28 19:24:45.905572,VIN-100735,2100,90,NONE
2026-06-28 19:24:45.905576,VIN-100736,2100,90,NONE
2026-06-28 19:24:45.905581,VIN-100737,2100,90,NONE
2026-06-28 19:24:45.905586,VIN-100738,2100,90,NONE
2026-06-28 19:24:45.905590,VIN-100739,2100,90,NONE
2026-06-28 19:24:45.905595,VIN-100740,2100,90,NONE
2026-06-28 19:24:45.905599,VIN-100741,2100,90,NONE
2026-06-28 19:24:45.905604,VIN-100742,2100,90,NONE
2026-06-28 19:24:45.905609,VIN-100743,2100,90,NONE
2026-06-28 19:24:45.905613,VIN-100744,2100,90,NONE
2026-06-28 19:24:45.905618,VIN-100745,2100,90,NONE
2026-06-28 19:24:45.905622,VIN-100746,2100,90,NONE
2026-06-28 19:24:45.905627,VIN-100747,2100,90,NONE
2026-06-28 19:24:45.905632,VIN-100748,2100,90,NONE
2026-06-28 19:24:45.905636,VIN-100749,2100,90,NONE
2026-06-28 19:24:45.905641,VIN-100750,2100,90,P0300
2026-06-28 19:24:45.905645,VIN-100751,2100,90,NONE
2026-06-28 19:24:45.905650,VIN-100752,2100,90,NONE
2026-06-28 19:24:45.905655,VIN-100753,2100,90,NONE
2026-06-28 19:24:45.905660,VIN-100754,2100,90,NONE
2026-06-28 19:24:45.905664,VIN-100755,2100,90,NONE
2026-06-28 19:24:45.905669,VIN-100756,2100,90,NONE
2026-06-28 19:24:45.905673,VIN-100757,2100,90,NONE
2026-06-28 19:24:45.905678,VIN-100758,2100,90,NONE
2026-06-28 19:24:45.905683,VIN-100759,2100,90,NONE
2026-06-28 19:24:45.905688,VIN-100760,2100,90,NONE
2026-06-28 19:24:45.905692,VIN-100761,2100,90,NONE
2026-06-28 19:24:45.905698,VIN-100762,2100,90,NONE
2026-06-28 19:24:45.905702,VIN-100763,2100,90,NONE
2026-06-28 19:24:45.905707,VIN-100764,2100,90,NONE
2026-06-28 19:24:45.905713,VIN-100765,2100,90,NONE
2026-06-28 19:24:45.905718,VIN-100766,2100,90,NONE
2026-06-28 19:24:45.905723,VIN-100767,2100,90,NONE
2026-06-28 19:24:45.905727,VIN-100768,2100,90,NONE
2026-06-28 19:24:45.905732,VIN-100769,2100,90,NONE
2026-06-28 19:24:45.905737,VIN-100770,2100,90,NONE
2026-06-28 19:24:45.905741,VIN-100771,2100,90,NONE
2026-06-28 19:24:45.905746,VIN-100772,2100,90,NONE
2026-06-28 19:24:45.905751,VIN-100773,2100,90,NONE
2026-06-28 19:24:45.905756,VIN-100774,2100,90,NONE
2026-06-28 19:24:45.905761,VIN-100775,2100,90,NONE
2026-06-28 19:24:45.905765,VIN-100776,2100,90,NONE
2026-06-28 19:24:45.905770,VIN-100777,2100,90,NONE
2026-06-28 19:24:45.905775,VIN-100778,2100,90,NONE
2026-06-28 19:24:45.905780,VIN-100779,2100,90,NONE
2026-06-28 19:24:45.905795,VIN-100780,2100,90,NONE
2026-06-28 19:24:45.905805,VIN-100781,2100,90,NONE
2026-06-28 19:24:45.905899,VIN-100782,2100,90,NONE
2026-06-28 19:24:45.905914,VIN-100783,2100,90,NONE
2026-06-28 19:24:45.905920,VIN-100784,2100,90,NONE
2026-06-28 19:24:45.905926,VIN-100785,2100,90,NONE
2026-06-28 19:24:45.905931,VIN-100786,2100,90,NONE
2026-06-28 19:24:45.905936,VIN-100787,2100,90,NONE
2026-06-28 19:24:45.905942,VIN-100788,2100,90,NONE
2026-06-28 19:24:45.905947,VIN-100789,2100,90,NONE
2026-06-28 19:24:45.905952,VIN-100790,2100,90,NONE
2026-06-28 19:24:45.905957,VIN-100791,2100,90,NONE
2026-06-28 19:24:45.905961,VIN-100792,2100,90,NONE
2026-06-28 19:24:45.905966,VIN-100793,2100,90,NONE
2026-06-28 19:24:45.905971,VIN-100794,2100,90,NONE
2026-06-28 19:24:45.905976,VIN-100795,2100,90,NONE
2026-06-28 19:24:45.905981,VIN-100796,2100,90,NONE
2026-06-28 19:24:45.905986,VIN-100797,2100,90,NONE
2026-06-28 19:24:45.905990,VIN-100798,2100,90,NONE
2026-06-28 19:24:45.905995,VIN-100799,2100,90,NONE
2026-06-28 19:24:45.906000,VIN-100800,2100,90,P0300
2026-06-28 19:24:45.906005,VIN-100801,2100,90,NONE
2026-06-28 19:24:45.906011,VIN-100802,2100,90,NONE
2026-06-28 19:24:45.906016,VIN-100803,2100,90,NONE
2026-06-28 19:24:45.906022,VIN-100804,2100,90,NONE
2026-06-28 19:24:45.906028,VIN-100805,2100,90,NONE
2026-06-28 19:24:45.906034,VIN-100806,2100,90,NONE
2026-06-28 19:24:45.906040,VIN-100807,2100,90,NONE
2026-06-28 19:24:45.906045,VIN-100808,2100,90,NONE
2026-06-28 19:24:45.906050,VIN-100809,2100,90,NONE
2026-06-28 19:24:45.906055,VIN-100810,2100,90,NONE
2026-06-28 19:24:45.906061,VIN-100811,2100,90,NONE
2026-06-28 19:24:45.906066,VIN-100812,2100,90,NONE
2026-06-28 19:24:45.906071,VIN-100813,2100,90,NONE
2026-06-28 19:24:45.906076,VIN-100814,2100,90,NONE
2026-06-28 19:24:45.906081,VIN-100815,2100,90,NONE
2026-06-28 19:24:45.906086,VIN-100816,2100,90,NONE
2026-06-28 19:24:45.906090,VIN-100817,2100,90,NONE
2026-06-28 19:24:45.906095,VIN-100818,2100,90,NONE
2026-06-28 19:24:45.906100,VIN-100819,2100,90,NONE
2026-06-28 19:24:45.906105,VIN-100820,2100,90,NONE
2026-06-28 19:24:45.906110,VIN-100821,2100,90,NONE
2026-06-28 19:24:45.906115,VIN-100822,2100,90,NONE
2026-06-28 19:24:45.906120,VIN-100823,2100,90,NONE
2026-06-28 19:24:45.906124,VIN-100824,2100,90,NONE
2026-06-28 19:24:45.906129,VIN-100825,2100,90,P0171
2026-06-28 19:24:45.906134,VIN-100826,2100,90,NONE
2026-06-28 19:24:45.906139,VIN-100827,2100,90,NONE
2026-06-28 19:24:45.906144,VIN-100828,2100,90,NONE
2026-06-28 19:24:45.906149,VIN-100829,2100,90,NONE
2026-06-28 19:24:45.906154,VIN-100830,2100,90,NONE
2026-06-28 19:24:45.906159,VIN-100831,2100,90,NONE
2026-06-28 19:24:45.906164,VIN-100832,2100,90,NONE
2026-06-28 19:24:45.906168,VIN-100833,2100,90,NONE
2026-06-28 19:24:45.906173,VIN-100834,2100,90,NONE
2026-06-28 19:24:45.906178,VIN-100835,2100,90,NONE
2026-06-28 19:24:45.906183,VIN-100836,2100,90,NONE
2026-06-28 19:24:45.906188,VIN-100837,2100,90,NONE
2026-06-28 19:24:45.906194,VIN-100838,2100,90,NONE
2026-06-28 19:24:45.906199,VIN-100839,2100,90,NONE
2026-06-28 19:24:45.906204,VIN-100840,2100,90,NONE
2026-06-28 19:24:45.906209,VIN-100841,2100,90,NONE
2026-06-28 19:24:45.906214,VIN-100842,2100,90,NONE
2026-06-28 19:24:45.906220,VIN-100843,2100,90,NONE
2026-06-28 19:24:45.906224,VIN-100844,2100,90,NONE
2026-06-28 19:24:45.906229,VIN-100845,2100,90,NONE
2026-06-28 19:24:45.906234,VIN-100846,2100,90,NONE
2026-06-28 19:24:45.906239,VIN-100847,2100,90,NONE
2026-06-28 19:24:45.906244,VIN-100848,2100,90,NONE
2026-06-28 19:24:45.906250,VIN-100849,2100,90,NONE
2026-06-28 19:24:45.906255,VIN-100850,2100,90,P0300
2026-06-28 19:24:45.906261,VIN-100851,2100,90,NONE
2026-06-28 19:24:45.906267,VIN-100852,2100,90,NONE
2026-06-28 19:24:45.906272,VIN-100853,2100,90,NONE
2026-06-28 19:24:45.906277,VIN-100854,2100,90,NONE
2026-06-28 19:24:45.906282,VIN-100855,2100,90,NONE
2026-06-28 19:24:45.906287,VIN-100856,2100,90,NONE
2026-06-28 19:24:45.906292,VIN-100857,2100,90,NONE
2026-06-28 19:24:45.906297,VIN-100858,2100,90,NONE
2026-06-28 19:24:45.906303,VIN-100859,2100,90,NONE
2026-06-28 19:24:45.906308,VIN-100860,2100,90,NONE
2026-06-28 19:24:45.906313,VIN-100861,2100,90,NONE
2026-06-28 19:24:45.906318,VIN-100862,2100,90,NONE
2026-06-28 19:24:45.906323,VIN-100863,2100,90,NONE
2026-06-28 19:24:45.906328,VIN-100864,2100,90,NONE
2026-06-28 19:24:45.906333,VIN-100865,2100,90,NONE
2026-06-28 19:24:45.906338,VIN-100866,2100,90,NONE
2026-06-28 19:24:45.906343,VIN-100867,2100,90,NONE
2026-06-28 19:24:45.906348,VIN-100868,2100,90,NONE
2026-06-28 19:24:45.906354,VIN-100869,2100,90,NONE
2026-06-28 19:24:45.906359,VIN-100870,2100,90,NONE
2026-06-28 19:24:45.906364,VIN-100871,2100,90,NONE
2026-06-28 19:24:45.906369,VIN-100872,2100,90,NONE
2026-06-28 19:24:45.906374,VIN-100873,2100,90,NONE
2026-06-28 19:24:45.906379,VIN-100874,2100,90,NONE
2026-06-28 19:24:45.906384,VIN-100875,2100,90,NONE
2026-06-28 19:24:45.906390,VIN-100876,2100,90,NONE
2026-06-28 19:24:45.906395,VIN-100877,2100,90,NONE
2026-06-28 19:24:45.906400,VIN-100878,2100,90,NONE
2026-06-28 19:24:45.906405,VIN-100879,2100,90,NONE
2026-06-28 19:24:45.906410,VIN-100880,2100,90,NONE
2026-06-28 19:24:45.906415,VIN-100881,2100,90,NONE
2026-06-28 19:24:45.906422,VIN-100882,2100,90,NONE
2026-06-28 19:24:45.906427,VIN-100883,2100,90,NONE
2026-06-28 19:24:45.906433,VIN-100884,2100,90,NONE
2026-06-28 19:24:45.906438,VIN-100885,2100,90,NONE
2026-06-28 19:24:45.906445,VIN-100886,2100,90,NONE
2026-06-28 19:24:45.906451,VIN-100887,2100,90,NONE
2026-06-28 19:24:45.906456,VIN-100888,2100,90,NONE
2026-06-28 19:24:45.906462,VIN-100889,2100,90,NONE
2026-06-28 19:24:45.906468,VIN-100890,2100,90,NONE
2026-06-28 19:24:45.906473,VIN-100891,2100,90,NONE
2026-06-28 19:24:45.906478,VIN-100892,2100,90,NONE
2026-06-28 19:24:45.906483,VIN-100893,2100,90,NONE
2026-06-28 19:24:45.906488,VIN-100894,2100,90,NONE
2026-06-28 19:24:45.906494,VIN-100895,2100,90,NONE
2026-06-28 19:24:45.906499,VIN-100896,2100,90,NONE
2026-06-28 19:24:45.906504,VIN-100897,2100,90,NONE
2026-06-28 19:24:45.906509,VIN-100898,2100,90,NONE
2026-06-28 19:24:45.906514,VIN-100899,2100,90,NONE
2026-06-28 19:24:45.906520,VIN-100900,2100,90,P0300
2026-06-28 19:24:45.906525,VIN-100901,2100,90,NONE
2026-06-28 19:24:45.906530,VIN-100902,2100,90,NONE
2026-06-28 19:24:45.906535,VIN-100903,2100,90,NONE
2026-06-28 19:24:45.906540,VIN-100904,2100,90,NONE
2026-06-28 19:24:45.906545,VIN-100905,2100,90,NONE
2026-06-28 19:24:45.906551,VIN-100906,2100,90,NONE
2026-06-28 19:24:45.906556,VIN-100907,2100,90,NONE
2026-06-28 19:24:45.906561,VIN-100908,2100,90,NONE
2026-06-28 19:24:45.906566,VIN-100909,2100,90,NONE
2026-06-28 19:24:45.906571,VIN-100910,2100,90,NONE
2026-06-28 19:24:45.906576,VIN-100911,2100,90,NONE
2026-06-28 19:24:45.906582,VIN-100912,2100,90,NONE
2026-06-28 19:24:45.906587,VIN-100913,2100,90,NONE
2026-06-28 19:24:45.906592,VIN-100914,2100,90,NONE
2026-06-28 19:24:45.906597,VIN-100915,2100,90,NONE
2026-06-28 19:24:45.906602,VIN-100916,2100,90,NONE
2026-06-28 19:24:45.906608,VIN-100917,2100,90,NONE
2026-06-28 19:24:45.906613,VIN-100918,2100,90,NONE
2026-06-28 19:24:45.906618,VIN-100919,2100,90,NONE
2026-06-28 19:24:45.906623,VIN-100920,2100,90,NONE
2026-06-28 19:24:45.906629,VIN-100921,2100,90,NONE
2026-06-28 19:24:45.906634,VIN-100922,2100,90,NONE
2026-06-28 19:24:45.906640,VIN-100923,2100,90,NONE
2026-06-28 19:24:45.906645,VIN-100924,2100,90,NONE
2026-06-28 19:24:45.906650,VIN-100925,2100,90,NONE
2026-06-28 19:24:45.906656,VIN-100926,2100,90,NONE
2026-06-28 19:24:45.906661,VIN-100927,2100,90,NONE
2026-06-28 19:24:45.906667,VIN-100928,2100,90,NONE
2026-06-28 19:24:45.906672,VIN-100929,2100,90,NONE
2026-06-28 19:24:45.906678,VIN-100930,2100,90,NONE
2026-06-28 19:24:45.906683,VIN-100931,2100,90,NONE
2026-06-28 19:24:45.906688,VIN-100932,2100,90,NONE
2026-06-28 19:24:45.906694,VIN-100933,2100,90,NONE
2026-06-28 19:24:45.906699,VIN-100934,2100,90,NONE
2026-06-28 19:24:45.906704,VIN-100935,2100,90,NONE
2026-06-28 19:24:45.906710,VIN-100936,2100,90,NONE
2026-06-28 19:24:45.906715,VIN-100937,2100,90,NONE
2026-06-28 19:24:45.906720,VIN-100938,2100,90,NONE
2026-06-28 19:24:45.906726,VIN-100939,2100,90,NONE
2026-06-28 19:24:45.906731,VIN-100940,2100,90,NONE
2026-06-28 19:24:45.906736,VIN-100941,2100,90,NONE
2026-06-28 19:24:45.906742,VIN-100942,2100,90,NONE
2026-06-28 19:24:45.906747,VIN-100943,2100,90,NONE
2026-06-28 19:24:45.906753,VIN-100944,2100,90,NONE
2026-06-28 19:24:45.906758,VIN-100945,2100,90,NONE
2026-06-28 19:24:45.906764,VIN-100946,2100,90,NONE
2026-06-28 19:24:45.906769,VIN-100947,2100,90,NONE
2026-06-28 19:24:45.906774,VIN-100948,2100,90,NONE
2026-06-28 19:24:45.906780,VIN-100949,2100,90,NONE
2026-06-28 19:24:45.906785,VIN-100950,2100,90,P0300
2026-06-28 19:24:45.906791,VIN-100951,2100,90,NONE
2026-06-28 19:24:45.906796,VIN-100952,2100,90,NONE
2026-06-28 19:24:45.906801,VIN-100953,2100,90,NONE
2026-06-28 19:24:45.906807,VIN-100954,2100,90,NONE
2026-06-28 19:24:45.906813,VIN-100955,2100,90,NONE
2026-06-28 19:24:45.906859,VIN-100956,2100,90,NONE
2026-06-28 19:24:45.906868,VIN-100957,2100,90,NONE
2026-06-28 19:24:45.906874,VIN-100958,2100,90,NONE
2026-06-28 19:24:45.906879,VIN-100959,2100,90,NONE
2026-06-28 19:24:45.906885,VIN-100960,2100,90,NONE
2026-06-28 19:24:45.906891,VIN-100961,2100,90,NONE
2026-06-28 19:24:45.906896,VIN-100962,2100,90,NONE
2026-06-28 19:24:45.906903,VIN-100963,2100,90,NONE
2026-06-28 19:24:45.906909,VIN-100964,2100,90,NONE
2026-06-28 19:24:45.906915,VIN-100965,2100,90,NONE
2026-06-28 19:24:45.906921,VIN-100966,2100,90,NONE
2026-06-28 19:24:45.906928,VIN-100967,2100,90,NONE
2026-06-28 19:24:45.906934,VIN-100968,2100,90,NONE
2026-06-28 19:24:45.906939,VIN-100969,2100,90,NONE
2026-06-28 19:24:45.906945,VIN-100970,2100,90,NONE
2026-06-28 19:24:45.906951,VIN-100971,2100,90,NONE
2026-06-28 19:24:45.906956,VIN-100972,2100,90,NONE
2026-06-28 19:24:45.906962,VIN-100973,2100,90,NONE
2026-06-28 19:24:45.906967,VIN-100974,2100,90,NONE
2026-06-28 19:24:45.906973,VIN-100975,2100,90,P0171
2026-06-28 19:24:45.906979,VIN-100976,2100,90,NONE
2026-06-28 19:24:45.906984,VIN-100977,2100,90,NONE
2026-06-28 19:24:45.906990,VIN-100978,2100,90,NONE
2026-06-28 19:24:45.906996,VIN-100979,2100,90,NONE
2026-06-28 19:24:45.907001,VIN-100980,2100,90,NONE
2026-06-28 19:24:45.907007,VIN-100981,2100,90,NONE
2026-06-28 19:24:45.907012,VIN-100982,2100,90,NONE
2026-06-28 19:24:45.907018,VIN-100983,2100,90,NONE
2026-06-28 19:24:45.907024,VIN-100984,2100,90,NONE
2026-06-28 19:24:45.907030,VIN-100985,2100,90,NONE
2026-06-28 19:24:45.907035,VIN-100986,2100,90,NONE
2026-06-28 19:24:45.907040,VIN-100987,2100,90,NONE
2026-06-28 19:24:45.907046,VIN-100988,2100,90,NONE
2026-06-28 19:24:45.907052,VIN-100989,2100,90,NONE
2026-06-28 19:24:45.907057,VIN-100990,2100,90,NONE
2026-06-28 19:24:45.907063,VIN-100991,2100,90,NONE
2026-06-28 19:24:45.907068,VIN-100992,2100,90,NONE
2026-06-28 19:24:45.907074,VIN-100993,2100,90,NONE
2026-06-28 19:24:45.907079,VIN-100994,2100,90,NONE
2026-06-28 19:24:45.907085,VIN-100995,2100,90,NONE
2026-06-28 19:24:45.907090,VIN-100996,2100,90,NONE
2026-06-28 19:24:45.907096,VIN-100997,2100,90,NONE
2026-06-28 19:24:45.907101,VIN-100998,2100,90,NONE
2026-06-28 19:24:45.907107,VIN-100999,2100,90,NONE
2026-06-28 19:24:45.907113,VIN-101000,2100,90,P0300
