timestamp,vehicle_id,engine_rpm,coolant_temp_c,fault_code
2026-06-28 16:30:22.831788,VIN-100001,2100,90,NONE
2026-06-28 16:30:22.831803,VIN-100002,2100,90,NONE
2026-06-28 16:30:22.831806,VIN-100003,2100,90,NONE
2026-06-28 16:30:22.831809,VIN-100004,2100,90,NONE
2026-06-28 16:30:22.831811,VIN-100005,2100,90,NONE
2026-06-28 16:30:22.831819,VIN-100006,2100,90,NONE
2026-06-28 16:30:22.831826,VIN-100007,2100,90,NONE
2026-06-28 16:30:22.831832,VIN-100008,2100,90,NONE
2026-06-28 16:30:22.831835,VIN-100009,2100,90,NONE
2026-06-28 16:30:22.831838,VIN-100010,2100,90,NONE
2026-06-28 16:30:22.831841,VIN-100011,2100,90,NONE
2026-06-28 16:30:22.831843,VIN-100012,2100,90,NONE
2026-06-28 16:30:22.831845,VIN-100013,2100,90,NONE
2026-06-28 16:30:22.831848,VIN-100014,2100,90,NONE
2026-06-28 16:30:22.831851,VIN-100015,2100,90,NONE
2026-06-28 16:30:22.831853,VIN-100016,2100,90,NONE
2026-06-28 16:30:22.831855,VIN-100017,2100,90,NONE
2026-06-28 16:30:22.831858,VIN-100018,2100,90,NONE
2026-06-28 16:30:22.831860,VIN-100019,2100,90,NONE
2026-06-28 16:30:22.831863,VIN-100020,2100,90,NONE
2026-06-28 16:30:22.831865,VIN-100021,2100,90,NONE
2026-06-28 16:30:22.831868,VIN-100022,2100,90,NONE
2026-06-28 16:30:22.831870,VIN-100023,2100,90,NONE
2026-06-28 16:30:22.831873,VIN-100024,2100,90,NONE
2026-06-28 16:30:22.831875,VIN-100025,2100,90,NONE
2026-06-28 16:30:22.831877,VIN-100026,2100,90,NONE
2026-06-28 16:30:22.831880,VIN-100027,2100,90,NONE
2026-06-28 16:30:22.831882,VIN-100028,2100,90,NONE
2026-06-28 16:30:22.831885,VIN-100029,2100,90,NONE
2026-06-28 16:30:22.831887,VIN-100030,2100,90,NONE
2026-06-28 16:30:22.831889,VIN-100031,2100,90,NONE
2026-06-28 16:30:22.831892,VIN-100032,2100,90,NONE
2026-06-28 16:30:22.831894,VIN-100033,2100,90,NONE
2026-06-28 16:30:22.831896,VIN-100034,2100,90,NONE
2026-06-28 16:30:22.831899,VIN-100035,2100,90,NONE
2026-06-28 16:30:22.831901,VIN-100036,2100,90,NONE
2026-06-28 16:30:22.831903,VIN-100037,2100,90,NONE
2026-06-28 16:30:22.831906,VIN-100038,2100,90,NONE
2026-06-28 16:30:22.831908,VIN-100039,2100,90,NONE
2026-06-28 16:30:22.831910,VIN-100040,2100,90,NONE
2026-06-28 16:30:22.831913,VIN-100041,2100,90,NONE
2026-06-28 16:30:22.831915,VIN-100042,2100,90,NONE
2026-06-28 16:30:22.831918,VIN-100043,2100,90,NONE
2026-06-28 16:30:22.831920,VIN-100044,2100,90,NONE
2026-06-28 16:30:22.831922,VIN-100045,2100,90,NONE
2026-06-28 16:30:22.831925,VIN-100046,2100,90,NONE
2026-06-28 16:30:22.831927,VIN-100047,2100,90,NONE
2026-06-28 16:30:22.831929,VIN-100048,2100,90,NONE
2026-06-28 16:30:22.831932,VIN-100049,2100,90,NONE
2026-06-28 16:30:22.831934,VIN-100050,2100,90,P0300
2026-06-28 16:30:22.831937,VIN-100051,2100,90,NONE
2026-06-28 16:30:22.831939,VIN-100052,2100,90,NONE
2026-06-28 16:30:22.831942,VIN-100053,2100,90,NONE
2026-06-28 16:30:22.831944,VIN-100054,2100,90,NONE
2026-06-28 16:30:22.831947,VIN-100055,2100,90,NONE
2026-06-28 16:30:22.831949,VIN-100056,2100,90,NONE
2026-06-28 16:30:22.831952,VIN-100057,2100,90,NONE
2026-06-28 16:30:22.831954,VIN-100058,2100,90,NONE
2026-06-28 16:30:22.831957,VIN-100059,2100,90,NONE
2026-06-28 16:30:22.831959,VIN-100060,2100,90,NONE
2026-06-28 16:30:22.831962,VIN-100061,2100,90,NONE
2026-06-28 16:30:22.831964,VIN-100062,2100,90,NONE
2026-06-28 16:30:22.831966,VIN-100063,2100,90,NONE
2026-06-28 16:30:22.831969,VIN-100064,2100,90,NONE
2026-06-28 16:30:22.831972,VIN-100065,2100,90,NONE
2026-06-28 16:30:22.831974,VIN-100066,2100,90,NONE
2026-06-28 16:30:22.831977,VIN-100067,2100,90,NONE
2026-06-28 16:30:22.831979,VIN-100068,2100,90,NONE
2026-06-28 16:30:22.831981,VIN-100069,2100,90,NONE
2026-06-28 16:30:22.831984,VIN-100070,2100,90,NONE
2026-06-28 16:30:22.831986,VIN-100071,2100,90,NONE
2026-06-28 16:30:22.831989,VIN-100072,2100,90,NONE
2026-06-28 16:30:22.831991,VIN-100073,2100,90,NONE
2026-06-28 16:30:22.831994,VIN-100074,2100,90,NONE
2026-06-28 16:30:22.831996,VIN-100075,2100,90,P0171
2026-06-28 16:30:22.831999,VIN-100076,2100,90,NONE
2026-06-28 16:30:22.832001,VIN-100077,2100,90,NONE
2026-06-28 16:30:22.832004,VIN-100078,2100,90,NONE
2026-06-28 16:30:22.832006,VIN-100079,2100,90,NONE
2026-06-28 16:30:22.832008,VIN-100080,2100,90,NONE
2026-06-28 16:30:22.832011,VIN-100081,2100,90,NONE
2026-06-28 16:30:22.832013,VIN-100082,2100,90,NONE
2026-06-28 16:30:22.832016,VIN-100083,2100,90,NONE
2026-06-28 16:30:22.832018,VIN-100084,2100,90,NONE
2026-06-28 16:30:22.832021,VIN-100085,2100,90,NONE
2026-06-28 16:30:22.832023,VIN-100086,2100,90,NONE
2026-06-28 16:30:22.832025,VIN-100087,2100,90,NONE
2026-06-28 16:30:22.832028,VIN-100088,2100,90,NONE
2026-06-28 16:30:22.832030,VIN-100089,2100,90,NONE
2026-06-28 16:30:22.832033,VIN-100090,2100,90,NONE
2026-06-28 16:30:22.832035,VIN-100091,2100,90,NONE
2026-06-28 16:30:22.832038,VIN-100092,2100,90,NONE
2026-06-28 16:30:22.832040,VIN-100093,2100,90,NONE
2026-06-28 16:30:22.832043,VIN-100094,2100,90,NONE
2026-06-28 16:30:22.832045,VIN-100095,2100,90,NONE
2026-06-28 16:30:22.832048,VIN-100096,2100,90,NONE
2026-06-28 16:30:22.832050,VIN-100097,2100,90,NONE
2026-06-28 16:30:22.832053,VIN-100098,2100,90,NONE
2026-06-28 16:30:22.832055,VIN-100099,2100,90,NONE
2026-06-28 16:30:22.832058,VIN-100100,2100,90,P0300
2026-06-28 16:30:22.832060,VIN-100101,2100,90,NONE
2026-06-28 16:30:22.832063,VIN-100102,2100,90,NONE
2026-06-28 16:30:22.832066,VIN-100103,2100,90,NONE
2026-06-28 16:30:22.832068,VIN-100104,2100,90,NONE
2026-06-28 16:30:22.832071,VIN-100105,2100,90,NONE
2026-06-28 16:30:22.832074,VIN-100106,2100,90,NONE
2026-06-28 16:30:22.832076,VIN-100107,2100,90,NONE
2026-06-28 16:30:22.832079,VIN-100108,2100,90,NONE
2026-06-28 16:30:22.832082,VIN-100109,2100,90,NONE
2026-06-28 16:30:22.832084,VIN-100110,2100,90,NONE
2026-06-28 16:30:22.832087,VIN-100111,2100,90,NONE
2026-06-28 16:30:22.832090,VIN-100112,2100,90,NONE
2026-06-28 16:30:22.832092,VIN-100113,2100,90,NONE
2026-06-28 16:30:22.832095,VIN-100114,2100,90,NONE
2026-06-28 16:30:22.832167,VIN-100115,2100,90,NONE
2026-06-28 16:30:22.832173,VIN-100116,2100,90,NONE
2026-06-28 16:30:22.832176,VIN-100117,2100,90,NONE
2026-06-28 16:30:22.832179,VIN-100118,2100,90,NONE
2026-06-28 16:30:22.832181,VIN-100119,2100,90,NONE
2026-06-28 16:30:22.832184,VIN-100120,2100,90,NONE
2026-06-28 16:30:22.832187,VIN-100121,2100,90,NONE
2026-06-28 16:30:22.832191,VIN-100122,2100,90,NONE
2026-06-28 16:30:22.832194,VIN-100123,2100,90,NONE
2026-06-28 16:30:22.832197,VIN-100124,2100,90,NONE
2026-06-28 16:30:22.832199,VIN-100125,2100,90,NONE
2026-06-28 16:30:22.832202,VIN-100126,2100,90,NONE
2026-06-28 16:30:22.832205,VIN-100127,2100,90,NONE
2026-06-28 16:30:22.832208,VIN-100128,2100,90,NONE
2026-06-28 16:30:22.832211,VIN-100129,2100,90,NONE
2026-06-28 16:30:22.832213,VIN-100130,2100,90,NONE
2026-06-28 16:30:22.832216,VIN-100131,2100,90,NONE
2026-06-28 16:30:22.832219,VIN-100132,2100,90,NONE
2026-06-28 16:30:22.832221,VIN-100133,2100,90,NONE
2026-06-28 16:30:22.832224,VIN-100134,2100,90,NONE
2026-06-28 16:30:22.832227,VIN-100135,2100,90,NONE
2026-06-28 16:30:22.832229,VIN-100136,2100,90,NONE
2026-06-28 16:30:22.832232,VIN-100137,2100,90,NONE
2026-06-28 16:30:22.832235,VIN-100138,2100,90,NONE
2026-06-28 16:30:22.832237,VIN-100139,2100,90,NONE
2026-06-28 16:30:22.832240,VIN-100140,2100,90,NONE
2026-06-28 16:30:22.832243,VIN-100141,2100,90,NONE
2026-06-28 16:30:22.832245,VIN-100142,2100,90,NONE
2026-06-28 16:30:22.832248,VIN-100143,2100,90,NONE
2026-06-28 16:30:22.832251,VIN-100144,2100,90,NONE
2026-06-28 16:30:22.832253,VIN-100145,2100,90,NONE
2026-06-28 16:30:22.832256,VIN-100146,2100,90,NONE
2026-06-28 16:30:22.832258,VIN-100147,2100,90,NONE
2026-06-28 16:30:22.832261,VIN-100148,2100,90,NONE
2026-06-28 16:30:22.832264,VIN-100149,2100,90,NONE
2026-06-28 16:30:22.832266,VIN-100150,2100,90,P0300
2026-06-28 16:30:22.832269,VIN-100151,2100,90,NONE
2026-06-28 16:30:22.832272,VIN-100152,2100,90,NONE
2026-06-28 16:30:22.832274,VIN-100153,2100,90,NONE
2026-06-28 16:30:22.832277,VIN-100154,2100,90,NONE
2026-06-28 16:30:22.832280,VIN-100155,2100,90,NONE
2026-06-28 16:30:22.832282,VIN-100156,2100,90,NONE
2026-06-28 16:30:22.832285,VIN-100157,2100,90,NONE
2026-06-28 16:30:22.832288,VIN-100158,2100,90,NONE
2026-06-28 16:30:22.832290,VIN-100159,2100,90,NONE
2026-06-28 16:30:22.832293,VIN-100160,2100,90,NONE
2026-06-28 16:30:22.832296,VIN-100161,2100,90,NONE
2026-06-28 16:30:22.832299,VIN-100162,2100,90,NONE
2026-06-28 16:30:22.832301,VIN-100163,2100,90,NONE
2026-06-28 16:30:22.832304,VIN-100164,2100,90,NONE
2026-06-28 16:30:22.832307,VIN-100165,2100,90,NONE
2026-06-28 16:30:22.832310,VIN-100166,2100,90,NONE
2026-06-28 16:30:22.832312,VIN-100167,2100,90,NONE
2026-06-28 16:30:22.832315,VIN-100168,2100,90,NONE
2026-06-28 16:30:22.832318,VIN-100169,2100,90,NONE
2026-06-28 16:30:22.832321,VIN-100170,2100,90,NONE
2026-06-28 16:30:22.832323,VIN-100171,2100,90,NONE
2026-06-28 16:30:22.832326,VIN-100172,2100,90,NONE
2026-06-28 16:30:22.832329,VIN-100173,2100,90,NONE
2026-06-28 16:30:22.832332,VIN-100174,2100,90,NONE
2026-06-28 16:30:22.832335,VIN-100175,2100,90,NONE
2026-06-28 16:30:22.832338,VIN-100176,2100,90,NONE
2026-06-28 16:30:22.832341,VIN-100177,2100,90,NONE
2026-06-28 16:30:22.832343,VIN-100178,2100,90,NONE
2026-06-28 16:30:22.832346,VIN-100179,2100,90,NONE
2026-06-28 16:30:22.832349,VIN-100180,2100,90,NONE
2026-06-28 16:30:22.832352,VIN-100181,2100,90,NONE
2026-06-28 16:30:22.832355,VIN-100182,2100,90,NONE
2026-06-28 16:30:22.832358,VIN-100183,2100,90,NONE
2026-06-28 16:30:22.832360,VIN-100184,2100,90,NONE
2026-06-28 16:30:22.832363,VIN-100185,2100,90,NONE
2026-06-28 16:30:22.832366,VIN-100186,2100,90,NONE
2026-06-28 16:30:22.832369,VIN-100187,2100,90,NONE
2026-06-28 16:30:22.832372,VIN-100188,2100,90,NONE
2026-06-28 16:30:22.832374,VIN-100189,2100,90,NONE
2026-06-28 16:30:22.832377,VIN-100190,2100,90,NONE
2026-06-28 16:30:22.832380,VIN-100191,2100,90,NONE
2026-06-28 16:30:22.832383,VIN-100192,2100,90,NONE
2026-06-28 16:30:22.832386,VIN-100193,2100,90,NONE
2026-06-28 16:30:22.832389,VIN-100194,2100,90,NONE
2026-06-28 16:30:22.832391,VIN-100195,2100,90,NONE
2026-06-28 16:30:22.832394,VIN-100196,2100,90,NONE
2026-06-28 16:30:22.832397,VIN-100197,2100,90,NONE
2026-06-28 16:30:22.832400,VIN-100198,2100,90,NONE
2026-06-28 16:30:22.832403,VIN-100199,2100,90,NONE
2026-06-28 16:30:22.832406,VIN-100200,2100,90,P0300
2026-06-28 16:30:22.832408,VIN-100201,2100,90,NONE
2026-06-28 16:30:22.832411,VIN-100202,2100,90,NONE
2026-06-28 16:30:22.832414,VIN-100203,2100,90,NONE
2026-06-28 16:30:22.832417,VIN-100204,2100,90,NONE
2026-06-28 16:30:22.832420,VIN-100205,2100,90,NONE
2026-06-28 16:30:22.832423,VIN-100206,2100,90,NONE
2026-06-28 16:30:22.832426,VIN-100207,2100,90,NONE
2026-06-28 16:30:22.832429,VIN-100208,2100,90,NONE
2026-06-28 16:30:22.832431,VIN-100209,2100,90,NONE
2026-06-28 16:30:22.832434,VIN-100210,2100,90,NONE
2026-06-28 16:30:22.832437,VIN-100211,2100,90,NONE
2026-06-28 16:30:22.832440,VIN-100212,2100,90,NONE
2026-06-28 16:30:22.832443,VIN-100213,2100,90,NONE
2026-06-28 16:30:22.832446,VIN-100214,2100,90,NONE
2026-06-28 16:30:22.832449,VIN-100215,2100,90,NONE
2026-06-28 16:30:22.832452,VIN-100216,2100,90,NONE
2026-06-28 16:30:22.832455,VIN-100217,2100,90,NONE
2026-06-28 16:30:22.832458,VIN-100218,2100,90,NONE
2026-06-28 16:30:22.832461,VIN-100219,2100,90,NONE
2026-06-28 16:30:22.832464,VIN-100220,2100,90,NONE
2026-06-28 16:30:22.832466,VIN-100221,2100,90,NONE
2026-06-28 16:30:22.832469,VIN-100222,2100,90,NONE
2026-06-28 16:30:22.832472,VIN-100223,2100,90,NONE
2026-06-28 16:30:22.832475,VIN-100224,2100,90,NONE
2026-06-28 16:30:22.832478,VIN-100225,2100,90,P0171
2026-06-28 16:30:22.832481,VIN-100226,2100,90,NONE
2026-06-28 16:30:22.832484,VIN-100227,2100,90,NONE
2026-06-28 16:30:22.832487,VIN-100228,2100,90,NONE
2026-06-28 16:30:22.832490,VIN-100229,2100,90,NONE
2026-06-28 16:30:22.832493,VIN-100230,2100,90,NONE
2026-06-28 16:30:22.832496,VIN-100231,2100,90,NONE
2026-06-28 16:30:22.832499,VIN-100232,2100,90,NONE
2026-06-28 16:30:22.832502,VIN-100233,2100,90,NONE
2026-06-28 16:30:22.832505,VIN-100234,2100,90,NONE
2026-06-28 16:30:22.832508,VIN-100235,2100,90,NONE
2026-06-28 16:30:22.832511,VIN-100236,2100,90,NONE
2026-06-28 16:30:22.832514,VIN-100237,2100,90,NONE
2026-06-28 16:30:22.832517,VIN-100238,2100,90,NONE
2026-06-28 16:30:22.832519,VIN-100239,2100,90,NONE
2026-06-28 16:30:22.832522,VIN-100240,2100,90,NONE
2026-06-28 16:30:22.832526,VIN-100241,2100,90,NONE
2026-06-28 16:30:22.832529,VIN-100242,2100,90,NONE
2026-06-28 16:30:22.832532,VIN-100243,2100,90,NONE
2026-06-28 16:30:22.832535,VIN-100244,2100,90,NONE
2026-06-28 16:30:22.832538,VIN-100245,2100,90,NONE
2026-06-28 16:30:22.832541,VIN-100246,2100,90,NONE
2026-06-28 16:30:22.832544,VIN-100247,2100,90,NONE
2026-06-28 16:30:22.832547,VIN-100248,2100,90,NONE
2026-06-28 16:30:22.832550,VIN-100249,2100,90,NONE
2026-06-28 16:30:22.832553,VIN-100250,2100,90,P0300
2026-06-28 16:30:22.832556,VIN-100251,2100,90,NONE
2026-06-28 16:30:22.832559,VIN-100252,2100,90,NONE
2026-06-28 16:30:22.832562,VIN-100253,2100,90,NONE
2026-06-28 16:30:22.832565,VIN-100254,2100,90,NONE
2026-06-28 16:30:22.832568,VIN-100255,2100,90,NONE
2026-06-28 16:30:22.832571,VIN-100256,2100,90,NONE
2026-06-28 16:30:22.832574,VIN-100257,2100,90,NONE
2026-06-28 16:30:22.832577,VIN-100258,2100,90,NONE
2026-06-28 16:30:22.832580,VIN-100259,2100,90,NONE
2026-06-28 16:30:22.832584,VIN-100260,2100,90,NONE
2026-06-28 16:30:22.832587,VIN-100261,2100,90,NONE
2026-06-28 16:30:22.832590,VIN-100262,2100,90,NONE
2026-06-28 16:30:22.832593,VIN-100263,2100,90,NONE
2026-06-28 16:30:22.832597,VIN-100264,2100,90,NONE
2026-06-28 16:30:22.832600,VIN-100265,2100,90,NONE
2026-06-28 16:30:22.832603,VIN-100266,2100,90,NONE
2026-06-28 16:30:22.832607,VIN-100267,2100,90,NONE
2026-06-28 16:30:22.832610,VIN-100268,2100,90,NONE
2026-06-28 16:30:22.832613,VIN-100269,2100,90,NONE
2026-06-28 16:30:22.832616,VIN-100270,2100,90,NONE
2026-06-28 16:30:22.832620,VIN-100271,2100,90,NONE
2026-06-28 16:30:22.832623,VIN-100272,2100,90,NONE
2026-06-28 16:30:22.832626,VIN-100273,2100,90,NONE
2026-06-28 16:30:22.832629,VIN-100274,2100,90,NONE
2026-06-28 16:30:22.832633,VIN-100275,2100,90,NONE
2026-06-28 16:30:22.832636,VIN-100276,2100,90,NONE
2026-06-28 16:30:22.832639,VIN-100277,2100,90,NONE
2026-06-28 16:30:22.832642,VIN-100278,2100,90,NONE
2026-06-28 16:30:22.832646,VIN-100279,2100,90,NONE
2026-06-28 16:30:22.832649,VIN-100280,2100,90,NONE
2026-06-28 16:30:22.832652,VIN-100281,2100,90,NONE
2026-06-28 16:30:22.832656,VIN-100282,2100,90,NONE
2026-06-28 16:30:22.832659,VIN-100283,2100,90,NONE
2026-06-28 16:30:22.832662,VIN-100284,2100,90,NONE
2026-06-28 16:30:22.832665,VIN-100285,2100,90,NONE
2026-06-28 16:30:22.832669,VIN-100286,2100,90,NONE
2026-06-28 16:30:22.832672,VIN-100287,2100,90,NONE
2026-06-28 16:30:22.832675,VIN-100288,2100,90,NONE
2026-06-28 16:30:22.832679,VIN-100289,2100,90,NONE
2026-06-28 16:30:22.832682,VIN-100290,2100,90,NONE
2026-06-28 16:30:22.832685,VIN-100291,2100,90,NONE
2026-06-28 16:30:22.832688,VIN-100292,2100,90,NONE
2026-06-28 16:30:22.832692,VIN-100293,2100,90,NONE
2026-06-28 16:30:22.832695,VIN-100294,2100,90,NONE
2026-06-28 16:30:22.832698,VIN-100295,2100,90,NONE
2026-06-28 16:30:22.832702,VIN-100296,2100,90,NONE
2026-06-28 16:30:22.832705,VIN-100297,2100,90,NONE
2026-06-28 16:30:22.832708,VIN-100298,2100,90,NONE
2026-06-28 16:30:22.832712,VIN-100299,2100,90,NONE
2026-06-28 16:30:22.832715,VIN-100300,2100,90,P0300
2026-06-28 16:30:22.832718,VIN-100301,2100,90,NONE
2026-06-28 16:30:22.832721,VIN-100302,2100,90,NONE
2026-06-28 16:30:22.832725,VIN-100303,2100,90,NONE
2026-06-28 16:30:22.832728,VIN-100304,2100,90,NONE
2026-06-28 16:30:22.832731,VIN-100305,2100,90,NONE
2026-06-28 16:30:22.832735,VIN-100306,2100,90,NONE
2026-06-28 16:30:22.832738,VIN-100307,2100,90,NONE
2026-06-28 16:30:22.832741,VIN-100308,2100,90,NONE
2026-06-28 16:30:22.832745,VIN-100309,2100,90,NONE
2026-06-28 16:30:22.832748,VIN-100310,2100,90,NONE
2026-06-28 16:30:22.832752,VIN-100311,2100,90,NONE
2026-06-28 16:30:22.832755,VIN-100312,2100,90,NONE
2026-06-28 16:30:22.832758,VIN-100313,2100,90,NONE
2026-06-28 16:30:22.832762,VIN-100314,2100,90,NONE
2026-06-28 16:30:22.832765,VIN-100315,2100,90,NONE
2026-06-28 16:30:22.832768,VIN-100316,2100,90,NONE
2026-06-28 16:30:22.832772,VIN-100317,2100,90,NONE
2026-06-28 16:30:22.832775,VIN-100318,2100,90,NONE
2026-06-28 16:30:22.832778,VIN-100319,2100,90,NONE
2026-06-28 16:30:22.832782,VIN-100320,2100,90,NONE
2026-06-28 16:30:22.832785,VIN-100321,2100,90,NONE
2026-06-28 16:30:22.832788,VIN-100322,2100,90,NONE
2026-06-28 16:30:22.832792,VIN-100323,2100,90,NONE
2026-06-28 16:30:22.832795,VIN-100324,2100,90,NONE
2026-06-28 16:30:22.832799,VIN-100325,2100,90,NONE
2026-06-28 16:30:22.832802,VIN-100326,2100,90,NONE
2026-06-28 16:30:22.832805,VIN-100327,2100,90,NONE
2026-06-28 16:30:22.832808,VIN-100328,2100,90,NONE
2026-06-28 16:30:22.832812,VIN-100329,2100,90,NONE
2026-06-28 16:30:22.832815,VIN-100330,2100,90,NONE
2026-06-28 16:30:22.832819,VIN-100331,2100,90,NONE
2026-06-28 16:30:22.832822,VIN-100332,2100,90,NONE
2026-06-28 16:30:22.832826,VIN-100333,2100,90,NONE
2026-06-28 16:30:22.832829,VIN-100334,2100,90,NONE
2026-06-28 16:30:22.832832,VIN-100335,2100,90,NONE
2026-06-28 16:30:22.832836,VIN-100336,2100,90,NONE
2026-06-28 16:30:22.832839,VIN-100337,2100,90,NONE
2026-06-28 16:30:22.832842,VIN-100338,2100,90,NONE
2026-06-28 16:30:22.832846,VIN-100339,2100,90,NONE
2026-06-28 16:30:22.832849,VIN-100340,2100,90,NONE
2026-06-28 16:30:22.832853,VIN-100341,2100,90,NONE
2026-06-28 16:30:22.832856,VIN-100342,2100,90,NONE
2026-06-28 16:30:22.832860,VIN-100343,2100,90,NONE
2026-06-28 16:30:22.832863,VIN-100344,2100,90,NONE
2026-06-28 16:30:22.832867,VIN-100345,2100,90,NONE
2026-06-28 16:30:22.832870,VIN-100346,2100,90,NONE
2026-06-28 16:30:22.832873,VIN-100347,2100,90,NONE
2026-06-28 16:30:22.832877,VIN-100348,2100,90,NONE
2026-06-28 16:30:22.832880,VIN-100349,2100,90,NONE
2026-06-28 16:30:22.832884,VIN-100350,2100,90,P0300
2026-06-28 16:30:22.832887,VIN-100351,2100,90,NONE
2026-06-28 16:30:22.832891,VIN-100352,2100,90,NONE
2026-06-28 16:30:22.832894,VIN-100353,2100,90,NONE
2026-06-28 16:30:22.832898,VIN-100354,2100,90,NONE
2026-06-28 16:30:22.832901,VIN-100355,2100,90,NONE
2026-06-28 16:30:22.832905,VIN-100356,2100,90,NONE
2026-06-28 16:30:22.832909,VIN-100357,2100,90,NONE
2026-06-28 16:30:22.832912,VIN-100358,2100,90,NONE
2026-06-28 16:30:22.832916,VIN-100359,2100,90,NONE
2026-06-28 16:30:22.832919,VIN-100360,2100,90,NONE
2026-06-28 16:30:22.832923,VIN-100361,2100,90,NONE
2026-06-28 16:30:22.832926,VIN-100362,2100,90,NONE
2026-06-28 16:30:22.832930,VIN-100363,2100,90,NONE
2026-06-28 16:30:22.832933,VIN-100364,2100,90,NONE
2026-06-28 16:30:22.832937,VIN-100365,2100,90,NONE
2026-06-28 16:30:22.832940,VIN-100366,2100,90,NONE
2026-06-28 16:30:22.832944,VIN-100367,2100,90,NONE
2026-06-28 16:30:22.832947,VIN-100368,2100,90,NONE
2026-06-28 16:30:22.832951,VIN-100369,2100,90,NONE
2026-06-28 16:30:22.832954,VIN-100370,2100,90,NONE
2026-06-28 16:30:22.832958,VIN-100371,2100,90,NONE
2026-06-28 16:30:22.832962,VIN-100372,2100,90,NONE
2026-06-28 16:30:22.832965,VIN-100373,2100,90,NONE
2026-06-28 16:30:22.832969,VIN-100374,2100,90,NONE
2026-06-28 16:30:22.832973,VIN-100375,2100,90,P0171
2026-06-28 16:30:22.832976,VIN-100376,2100,90,NONE
2026-06-28 16:30:22.832980,VIN-100377,2100,90,NONE
2026-06-28 16:30:22.832983,VIN-100378,2100,90,NONE
2026-06-28 16:30:22.832987,VIN-100379,2100,90,NONE
2026-06-28 16:30:22.832991,VIN-100380,2100,90,NONE
2026-06-28 16:30:22.832994,VIN-100381,2100,90,NONE
2026-06-28 16:30:22.832998,VIN-100382,2100,90,NONE
2026-06-28 16:30:22.833002,VIN-100383,2100,90,NONE
2026-06-28 16:30:22.833005,VIN-100384,2100,90,NONE
2026-06-28 16:30:22.833009,VIN-100385,2100,90,NONE
2026-06-28 16:30:22.833013,VIN-100386,2100,90,NONE
2026-06-28 16:30:22.833016,VIN-100387,2100,90,NONE
2026-06-28 16:30:22.833020,VIN-100388,2100,90,NONE
2026-06-28 16:30:22.833024,VIN-100389,2100,90,NONE
2026-06-28 16:30:22.833027,VIN-100390,2100,90,NONE
2026-06-28 16:30:22.833031,VIN-100391,2100,90,NONE
2026-06-28 16:30:22.833035,VIN-100392,2100,90,NONE
2026-06-28 16:30:22.833038,VIN-100393,2100,90,NONE
2026-06-28 16:30:22.833042,VIN-100394,2100,90,NONE
2026-06-28 16:30:22.833046,VIN-100395,2100,90,NONE
2026-06-28 16:30:22.833049,VIN-100396,2100,90,NONE
2026-06-28 16:30:22.833053,VIN-100397,2100,90,NONE
2026-06-28 16:30:22.833057,VIN-100398,2100,90,NONE
2026-06-28 16:30:22.833060,VIN-100399,2100,90,NONE
2026-06-28 16:30:22.833064,VIN-100400,2100,90,P0300
2026-06-28 16:30:22.833068,VIN-100401,2100,90,NONE
2026-06-28 16:30:22.833071,VIN-100402,2100,90,NONE
2026-06-28 16:30:22.833075,VIN-100403,2100,90,NONE
2026-06-28 16:30:22.833080,VIN-100404,2100,90,NONE
2026-06-28 16:30:22.833124,VIN-100405,2100,90,NONE
2026-06-28 16:30:22.833135,VIN-100406,2100,90,NONE
2026-06-28 16:30:22.833139,VIN-100407,2100,90,NONE
2026-06-28 16:30:22.833143,VIN-100408,2100,90,NONE
2026-06-28 16:30:22.833147,VIN-100409,2100,90,NONE
2026-06-28 16:30:22.833151,VIN-100410,2100,90,NONE
2026-06-28 16:30:22.833155,VIN-100411,2100,90,NONE
2026-06-28 16:30:22.833158,VIN-100412,2100,90,NONE
2026-06-28 16:30:22.833162,VIN-100413,2100,90,NONE
2026-06-28 16:30:22.833166,VIN-100414,2100,90,NONE
2026-06-28 16:30:22.833169,VIN-100415,2100,90,NONE
2026-06-28 16:30:22.833173,VIN-100416,2100,90,NONE
2026-06-28 16:30:22.833177,VIN-100417,2100,90,NONE
2026-06-28 16:30:22.833181,VIN-100418,2100,90,NONE
2026-06-28 16:30:22.833185,VIN-100419,2100,90,NONE
2026-06-28 16:30:22.833188,VIN-100420,2100,90,NONE
2026-06-28 16:30:22.833192,VIN-100421,2100,90,NONE
2026-06-28 16:30:22.833196,VIN-100422,2100,90,NONE
2026-06-28 16:30:22.833200,VIN-100423,2100,90,NONE
2026-06-28 16:30:22.833203,VIN-100424,2100,90,NONE
2026-06-28 16:30:22.833207,VIN-100425,2100,90,NONE
2026-06-28 16:30:22.833211,VIN-100426,2100,90,NONE
2026-06-28 16:30:22.833215,VIN-100427,2100,90,NONE
2026-06-28 16:30:22.833218,VIN-100428,2100,90,NONE
2026-06-28 16:30:22.833223,VIN-100429,2100,90,NONE
2026-06-28 16:30:22.833226,VIN-100430,2100,90,NONE
2026-06-28 16:30:22.833230,VIN-100431,2100,90,NONE
2026-06-28 16:30:22.833234,VIN-100432,2100,90,NONE
2026-06-28 16:30:22.833238,VIN-100433,2100,90,NONE
2026-06-28 16:30:22.833241,VIN-100434,2100,90,NONE
2026-06-28 16:30:22.833245,VIN-100435,2100,90,NONE
2026-06-28 16:30:22.833249,VIN-100436,2100,90,NONE
2026-06-28 16:30:22.833253,VIN-100437,2100,90,NONE
2026-06-28 16:30:22.833257,VIN-100438,2100,90,NONE
2026-06-28 16:30:22.833261,VIN-100439,2100,90,NONE
2026-06-28 16:30:22.833264,VIN-100440,2100,90,NONE
2026-06-28 16:30:22.833268,VIN-100441,2100,90,NONE
2026-06-28 16:30:22.833272,VIN-100442,2100,90,NONE
2026-06-28 16:30:22.833276,VIN-100443,2100,90,NONE
2026-06-28 16:30:22.833280,VIN-100444,2100,90,NONE
2026-06-28 16:30:22.833284,VIN-100445,2100,90,NONE
2026-06-28 16:30:22.833287,VIN-100446,2100,90,NONE
2026-06-28 16:30:22.833292,VIN-100447,2100,90,NONE
2026-06-28 16:30:22.833295,VIN-100448,2100,90,NONE
2026-06-28 16:30:22.833299,VIN-100449,2100,90,NONE
2026-06-28 16:30:22.833303,VIN-100450,2100,90,P0300
2026-06-28 16:30:22.833307,VIN-100451,2100,90,NONE
2026-06-28 16:30:22.833311,VIN-100452,2100,90,NONE
2026-06-28 16:30:22.833315,VIN-100453,2100,90,NONE
2026-06-28 16:30:22.833319,VIN-100454,2100,90,NONE
2026-06-28 16:30:22.833323,VIN-100455,2100,90,NONE
2026-06-28 16:30:22.833326,VIN-100456,2100,90,NONE
2026-06-28 16:30:22.833330,VIN-100457,2100,90,NONE
2026-06-28 16:30:22.833334,VIN-100458,2100,90,NONE
2026-06-28 16:30:22.833338,VIN-100459,2100,90,NONE
2026-06-28 16:30:22.833342,VIN-100460,2100,90,NONE
2026-06-28 16:30:22.833346,VIN-100461,2100,90,NONE
2026-06-28 16:30:22.833350,VIN-100462,2100,90,NONE
2026-06-28 16:30:22.833354,VIN-100463,2100,90,NONE
2026-06-28 16:30:22.833358,VIN-100464,2100,90,NONE
2026-06-28 16:30:22.833362,VIN-100465,2100,90,NONE
2026-06-28 16:30:22.833366,VIN-100466,2100,90,NONE
2026-06-28 16:30:22.833370,VIN-100467,2100,90,NONE
2026-06-28 16:30:22.833373,VIN-100468,2100,90,NONE
2026-06-28 16:30:22.833378,VIN-100469,2100,90,NONE
2026-06-28 16:30:22.833381,VIN-100470,2100,90,NONE
2026-06-28 16:30:22.833386,VIN-100471,2100,90,NONE
2026-06-28 16:30:22.833389,VIN-100472,2100,90,NONE
2026-06-28 16:30:22.833393,VIN-100473,2100,90,NONE
2026-06-28 16:30:22.833397,VIN-100474,2100,90,NONE
2026-06-28 16:30:22.833401,VIN-100475,2100,90,NONE
2026-06-28 16:30:22.833405,VIN-100476,2100,90,NONE
2026-06-28 16:30:22.833409,VIN-100477,2100,90,NONE
2026-06-28 16:30:22.833413,VIN-100478,2100,90,NONE
2026-06-28 16:30:22.833417,VIN-100479,2100,90,NONE
2026-06-28 16:30:22.833421,VIN-100480,2100,90,NONE
2026-06-28 16:30:22.833425,VIN-100481,2100,90,NONE
2026-06-28 16:30:22.833429,VIN-100482,2100,90,NONE
2026-06-28 16:30:22.833433,VIN-100483,2100,90,NONE
2026-06-28 16:30:22.833437,VIN-100484,2100,90,NONE
2026-06-28 16:30:22.833441,VIN-100485,2100,90,NONE
2026-06-28 16:30:22.833445,VIN-100486,2100,90,NONE
2026-06-28 16:30:22.833449,VIN-100487,2100,90,NONE
2026-06-28 16:30:22.833453,VIN-100488,2100,90,NONE
2026-06-28 16:30:22.833458,VIN-100489,2100,90,NONE
2026-06-28 16:30:22.833461,VIN-100490,2100,90,NONE
2026-06-28 16:30:22.833465,VIN-100491,2100,90,NONE
2026-06-28 16:30:22.833469,VIN-100492,2100,90,NONE
2026-06-28 16:30:22.833474,VIN-100493,2100,90,NONE
2026-06-28 16:30:22.833477,VIN-100494,2100,90,NONE
2026-06-28 16:30:22.833482,VIN-100495,2100,90,NONE
2026-06-28 16:30:22.833486,VIN-100496,2100,90,NONE
2026-06-28 16:30:22.833490,VIN-100497,2100,90,NONE
2026-06-28 16:30:22.833494,VIN-100498,2100,90,NONE
2026-06-28 16:30:22.833498,VIN-100499,2100,90,NONE
2026-06-28 16:30:22.833502,VIN-100500,2100,90,P0300
2026-06-28 16:30:22.833506,VIN-100501,2100,90,NONE
2026-06-28 16:30:22.833510,VIN-100502,2100,90,NONE
2026-06-28 16:30:22.833514,VIN-100503,2100,90,NONE
2026-06-28 16:30:22.833518,VIN-100504,2100,90,NONE
2026-06-28 16:30:22.833522,VIN-100505,2100,90,NONE
2026-06-28 16:30:22.833526,VIN-100506,2100,90,NONE
2026-06-28 16:30:22.833531,VIN-100507,2100,90,NONE
2026-06-28 16:30:22.833535,VIN-100508,2100,90,NONE
2026-06-28 16:30:22.833540,VIN-100509,2100,90,NONE
2026-06-28 16:30:22.833544,VIN-100510,2100,90,NONE
2026-06-28 16:30:22.833549,VIN-100511,2100,90,NONE
2026-06-28 16:30:22.833553,VIN-100512,2100,90,NONE
2026-06-28 16:30:22.833557,VIN-100513,2100,90,NONE
2026-06-28 16:30:22.833561,VIN-100514,2100,90,NONE
2026-06-28 16:30:22.833565,VIN-100515,2100,90,NONE
2026-06-28 16:30:22.833569,VIN-100516,2100,90,NONE
2026-06-28 16:30:22.833573,VIN-100517,2100,90,NONE
2026-06-28 16:30:22.833577,VIN-100518,2100,90,NONE
2026-06-28 16:30:22.833581,VIN-100519,2100,90,NONE
2026-06-28 16:30:22.833585,VIN-100520,2100,90,NONE
2026-06-28 16:30:22.833589,VIN-100521,2100,90,NONE
2026-06-28 16:30:22.833594,VIN-100522,2100,90,NONE
2026-06-28 16:30:22.833598,VIN-100523,2100,90,NONE
2026-06-28 16:30:22.833602,VIN-100524,2100,90,NONE
2026-06-28 16:30:22.833606,VIN-100525,2100,90,P0171
2026-06-28 16:30:22.833610,VIN-100526,2100,90,NONE
2026-06-28 16:30:22.833614,VIN-100527,2100,90,NONE
2026-06-28 16:30:22.833618,VIN-100528,2100,90,NONE
2026-06-28 16:30:22.833622,VIN-100529,2100,90,NONE
2026-06-28 16:30:22.833626,VIN-100530,2100,90,NONE
2026-06-28 16:30:22.833630,VIN-100531,2100,90,NONE
2026-06-28 16:30:22.833634,VIN-100532,2100,90,NONE
2026-06-28 16:30:22.833638,VIN-100533,2100,90,NONE
2026-06-28 16:30:22.833642,VIN-100534,2100,90,NONE
2026-06-28 16:30:22.833646,VIN-100535,2100,90,NONE
2026-06-28 16:30:22.833650,VIN-100536,2100,90,NONE
2026-06-28 16:30:22.833654,VIN-100537,2100,90,NONE
2026-06-28 16:30:22.833658,VIN-100538,2100,90,NONE
2026-06-28 16:30:22.833662,VIN-100539,2100,90,NONE
2026-06-28 16:30:22.833666,VIN-100540,2100,90,NONE
2026-06-28 16:30:22.833670,VIN-100541,2100,90,NONE
2026-06-28 16:30:22.833675,VIN-100542,2100,90,NONE
2026-06-28 16:30:22.833679,VIN-100543,2100,90,NONE
2026-06-28 16:30:22.833683,VIN-100544,2100,90,NONE
2026-06-28 16:30:22.833687,VIN-100545,2100,90,NONE
2026-06-28 16:30:22.833691,VIN-100546,2100,90,NONE
2026-06-28 16:30:22.833695,VIN-100547,2100,90,NONE
2026-06-28 16:30:22.833699,VIN-100548,2100,90,NONE
2026-06-28 16:30:22.833703,VIN-100549,2100,90,NONE
2026-06-28 16:30:22.833707,VIN-100550,2100,90,P0300
2026-06-28 16:30:22.833711,VIN-100551,2100,90,NONE
2026-06-28 16:30:22.833715,VIN-100552,2100,90,NONE
2026-06-28 16:30:22.833719,VIN-100553,2100,90,NONE
2026-06-28 16:30:22.833723,VIN-100554,2100,90,NONE
2026-06-28 16:30:22.833727,VIN-100555,2100,90,NONE
2026-06-28 16:30:22.833731,VIN-100556,2100,90,NONE
2026-06-28 16:30:22.833735,VIN-100557,2100,90,NONE
2026-06-28 16:30:22.833739,VIN-100558,2100,90,NONE
2026-06-28 16:30:22.833743,VIN-100559,2100,90,NONE
2026-06-28 16:30:22.833747,VIN-100560,2100,90,NONE
2026-06-28 16:30:22.833752,VIN-100561,2100,90,NONE
2026-06-28 16:30:22.833756,VIN-100562,2100,90,NONE
2026-06-28 16:30:22.833761,VIN-100563,2100,90,NONE
2026-06-28 16:30:22.833765,VIN-100564,2100,90,NONE
2026-06-28 16:30:22.833770,VIN-100565,2100,90,NONE
2026-06-28 16:30:22.833775,VIN-100566,2100,90,NONE
2026-06-28 16:30:22.833779,VIN-100567,2100,90,NONE
2026-06-28 16:30:22.833783,VIN-100568,2100,90,NONE
2026-06-28 16:30:22.833787,VIN-100569,2100,90,NONE
2026-06-28 16:30:22.833791,VIN-100570,2100,90,NONE
2026-06-28 16:30:22.833795,VIN-100571,2100,90,NONE
2026-06-28 16:30:22.833800,VIN-100572,2100,90,NONE
2026-06-28 16:30:22.833804,VIN-100573,2100,90,NONE
2026-06-28 16:30:22.833808,VIN-100574,2100,90,NONE
2026-06-28 16:30:22.833812,VIN-100575,2100,90,NONE
2026-06-28 16:30:22.833816,VIN-100576,2100,90,NONE
2026-06-28 16:30:22.833820,VIN-100577,2100,90,NONE
2026-06-28 16:30:22.833824,VIN-100578,2100,90,NONE
2026-06-28 16:30:22.833828,VIN-100579,2100,90,NONE
2026-06-28 16:30:22.833832,VIN-100580,2100,90,NONE
2026-06-28 16:30:22.833836,VIN-100581,2100,90,NONE
2026-06-28 16:30:22.833840,VIN-100582,2100,90,NONE
2026-06-28 16:30:22.833844,VIN-100583,2100,90,NONE
2026-06-28 16:30:22.833849,VIN-100584,2100,90,NONE
2026-06-28 16:30:22.833853,VIN-100585,2100,90,NONE
2026-06-28 16:30:22.833857,VIN-100586,2100,90,NONE
2026-06-28 16:30:22.833861,VIN-100587,2100,90,NONE
2026-06-28 16:30:22.833865,VIN-100588,2100,90,NONE
2026-06-28 16:30:22.833869,VIN-100589,2100,90,NONE
2026-06-28 16:30:22.833873,VIN-100590,2100,90,NONE
2026-06-28 16:30:22.833877,VIN-100591,2100,90,NONE
2026-06-28 16:30:22.833881,VIN-100592,2100,90,NONE
2026-06-28 16:30:22.833886,VIN-100593,2100,90,NONE
2026-06-28 16:30:22.833890,VIN-100594,2100,90,NONE
2026-06-28 16:30:22.833894,VIN-100595,2100,90,NONE
2026-06-28 16:30:22.833898,VIN-100596,2100,90,NONE
2026-06-28 16:30:22.833902,VIN-100597,2100,90,NONE
2026-06-28 16:30:22.833906,VIN-100598,2100,90,NONE
2026-06-28 16:30:22.833911,VIN-100599,2100,90,NONE
2026-06-28 16:30:22.833915,VIN-100600,2100,90,P0300
2026-06-28 16:30:22.833919,VIN-100601,2100,90,NONE
2026-06-28 16:30:22.833923,VIN-100602,2100,90,NONE
2026-06-28 16:30:22.833928,VIN-100603,2100,90,NONE
2026-06-28 16:30:22.833932,VIN-100604,2100,90,NONE
2026-06-28 16:30:22.833936,VIN-100605,2100,90,NONE
2026-06-28 16:30:22.833941,VIN-100606,2100,90,NONE
2026-06-28 16:30:22.833945,VIN-100607,2100,90,NONE
2026-06-28 16:30:22.833949,VIN-100608,2100,90,NONE
2026-06-28 16:30:22.833953,VIN-100609,2100,90,NONE
2026-06-28 16:30:22.833958,VIN-100610,2100,90,NONE
2026-06-28 16:30:22.833962,VIN-100611,2100,90,NONE
2026-06-28 16:30:22.833966,VIN-100612,2100,90,NONE
2026-06-28 16:30:22.833970,VIN-100613,2100,90,NONE
2026-06-28 16:30:22.833975,VIN-100614,2100,90,NONE
2026-06-28 16:30:22.833979,VIN-100615,2100,90,NONE
2026-06-28 16:30:22.833983,VIN-100616,2100,90,NONE
2026-06-28 16:30:22.833987,VIN-100617,2100,90,NONE
2026-06-28 16:30:22.833992,VIN-100618,2100,90,NONE
2026-06-28 16:30:22.833996,VIN-100619,2100,90,NONE
2026-06-28 16:30:22.834000,VIN-100620,2100,90,NONE
2026-06-28 16:30:22.834004,VIN-100621,2100,90,NONE
2026-06-28 16:30:22.834009,VIN-100622,2100,90,NONE
2026-06-28 16:30:22.834013,VIN-100623,2100,90,NONE
2026-06-28 16:30:22.834017,VIN-100624,2100,90,NONE
2026-06-28 16:30:22.834022,VIN-100625,2100,90,NONE
2026-06-28 16:30:22.834026,VIN-100626,2100,90,NONE
2026-06-28 16:30:22.834030,VIN-100627,2100,90,NONE
2026-06-28 16:30:22.834035,VIN-100628,2100,90,NONE
2026-06-28 16:30:22.834039,VIN-100629,2100,90,NONE
2026-06-28 16:30:22.834043,VIN-100630,2100,90,NONE
2026-06-28 16:30:22.834048,VIN-100631,2100,90,NONE
2026-06-28 16:30:22.834052,VIN-100632,2100,90,NONE
2026-06-28 16:30:22.834056,VIN-100633,2100,90,NONE
2026-06-28 16:30:22.834061,VIN-100634,2100,90,NONE
2026-06-28 16:30:22.834065,VIN-100635,2100,90,NONE
2026-06-28 16:30:22.834069,VIN-100636,2100,90,NONE
2026-06-28 16:30:22.834074,VIN-100637,2100,90,NONE
2026-06-28 16:30:22.834078,VIN-100638,2100,90,NONE
2026-06-28 16:30:22.834082,VIN-100639,2100,90,NONE
2026-06-28 16:30:22.834089,VIN-100640,2100,90,NONE
2026-06-28 16:30:22.834097,VIN-100641,2100,90,NONE
2026-06-28 16:30:22.834104,VIN-100642,2100,90,NONE
2026-06-28 16:30:22.834141,VIN-100643,2100,90,NONE
2026-06-28 16:30:22.834151,VIN-100644,2100,90,NONE
2026-06-28 16:30:22.834156,VIN-100645,2100,90,NONE
2026-06-28 16:30:22.834162,VIN-100646,2100,90,NONE
2026-06-28 16:30:22.834167,VIN-100647,2100,90,NONE
2026-06-28 16:30:22.834171,VIN-100648,2100,90,NONE
2026-06-28 16:30:22.834176,VIN-100649,2100,90,NONE
2026-06-28 16:30:22.834181,VIN-100650,2100,90,P0300
2026-06-28 16:30:22.834185,VIN-100651,2100,90,NONE
2026-06-28 16:30:22.834189,VIN-100652,2100,90,NONE
2026-06-28 16:30:22.834194,VIN-100653,2100,90,NONE
2026-06-28 16:30:22.834198,VIN-100654,2100,90,NONE
2026-06-28 16:30:22.834203,VIN-100655,2100,90,NONE
2026-06-28 16:30:22.834207,VIN-100656,2100,90,NONE
2026-06-28 16:30:22.834212,VIN-100657,2100,90,NONE
2026-06-28 16:30:22.834216,VIN-100658,2100,90,NONE
2026-06-28 16:30:22.834220,VIN-100659,2100,90,NONE
2026-06-28 16:30:22.834225,VIN-100660,2100,90,NONE
2026-06-28 16:30:22.834229,VIN-100661,2100,90,NONE
2026-06-28 16:30:22.834234,VIN-100662,2100,90,NONE
2026-06-28 16:30:22.834238,VIN-100663,2100,90,NONE
2026-06-28 16:30:22.834242,VIN-100664,2100,90,NONE
2026-06-28 16:30:22.834247,VIN-100665,2100,90,NONE
2026-06-28 16:30:22.834251,VIN-100666,2100,90,NONE
2026-06-28 16:30:22.834256,VIN-100667,2100,90,NONE
2026-06-28 16:30:22.834260,VIN-100668,2100,90,NONE
2026-06-28 16:30:22.834264,VIN-100669,2100,90,NONE
2026-06-28 16:30:22.834269,VIN-100670,2100,90,NONE
2026-06-28 16:30:22.834273,VIN-100671,2100,90,NONE
2026-06-28 16:30:22.834278,VIN-100672,2100,90,NONE
2026-06-28 16:30:22.834282,VIN-100673,2100,90,NONE
2026-06-28 16:30:22.834287,VIN-100674,2100,90,NONE
2026-06-28 16:30:22.834291,VIN-100675,2100,90,P0171
2026-06-28 16:30:22.834296,VIN-100676,2100,90,NONE
2026-06-28 16:30:22.834300,VIN-100677,2100,90,NONE
2026-06-28 16:30:22.834305,VIN-100678,2100,90,NONE
2026-06-28 16:30:22.834309,VIN-100679,2100,90,NONE
2026-06-28 16:30:22.834314,VIN-100680,2100,90,NONE
2026-06-28 16:30:22.834319,VIN-100681,2100,90,NONE
2026-06-28 16:30:22.834323,VIN-100682,2100,90,NONE
2026-06-28 16:30:22.834328,VIN-100683,2100,90,NONE
2026-06-28 16:30:22.834332,VIN-100684,2100,90,NONE
2026-06-28 16:30:22.834337,VIN-100685,2100,90,NONE
2026-06-28 16:30:22.834341,VIN-100686,2100,90,NONE
2026-06-28 16:30:22.834346,VIN-100687,2100,90,NONE
2026-06-28 16:30:22.834350,VIN-100688,2100,90,NONE
2026-06-28 16:30:22.834355,VIN-100689,2100,90,NONE
2026-06-28 16:30:22.834359,VIN-100690,2100,90,NONE
2026-06-28 16:30:22.834364,VIN-100691,2100,90,NONE
2026-06-28 16:30:22.834368,VIN-100692,2100,90,NONE
2026-06-28 16:30:22.834373,VIN-100693,2100,90,NONE
2026-06-28 16:30:22.834377,VIN-100694,2100,90,NONE
2026-06-28 16:30:22.834382,VIN-100695,2100,90,NONE
2026-06-28 16:30:22.834386,VIN-100696,2100,90,NONE
2026-06-28 16:30:22.834391,VIN-100697,2100,90,NONE
2026-06-28 16:30:22.834396,VIN-100698,2100,90,NONE
2026-06-28 16:30:22.834400,VIN-100699,2100,90,NONE
2026-06-28 16:30:22.834405,VIN-100700,2100,90,P0300
2026-06-28 16:30:22.834409,VIN-100701,2100,90,NONE
2026-06-28 16:30:22.834414,VIN-100702,2100,90,NONE
2026-06-28 16:30:22.834418,VIN-100703,2100,90,NONE
2026-06-28 16:30:22.834423,VIN-100704,2100,90,NONE
2026-06-28 16:30:22.834428,VIN-100705,2100,90,NONE
2026-06-28 16:30:22.834432,VIN-100706,2100,90,NONE
2026-06-28 16:30:22.834437,VIN-100707,2100,90,NONE
2026-06-28 16:30:22.834441,VIN-100708,2100,90,NONE
2026-06-28 16:30:22.834446,VIN-100709,2100,90,NONE
2026-06-28 16:30:22.834451,VIN-100710,2100,90,NONE
2026-06-28 16:30:22.834455,VIN-100711,2100,90,NONE
2026-06-28 16:30:22.834460,VIN-100712,2100,90,NONE
2026-06-28 16:30:22.834465,VIN-100713,2100,90,NONE
2026-06-28 16:30:22.834469,VIN-100714,2100,90,NONE
2026-06-28 16:30:22.834474,VIN-100715,2100,90,NONE
2026-06-28 16:30:22.834478,VIN-100716,2100,90,NONE
2026-06-28 16:30:22.834483,VIN-100717,2100,90,NONE
2026-06-28 16:30:22.834488,VIN-100718,2100,90,NONE
2026-06-28 16:30:22.834492,VIN-100719,2100,90,NONE
2026-06-28 16:30:22.834497,VIN-100720,2100,90,NONE
2026-06-28 16:30:22.834502,VIN-100721,2100,90,NONE
2026-06-28 16:30:22.834507,VIN-100722,2100,90,NONE
2026-06-28 16:30:22.834512,VIN-100723,2100,90,NONE
2026-06-28 16:30:22.834517,VIN-100724,2100,90,NONE
2026-06-28 16:30:22.834522,VIN-100725,2100,90,NONE
2026-06-28 16:30:22.834527,VIN-100726,2100,90,NONE
2026-06-28 16:30:22.834532,VIN-100727,2100,90,NONE
2026-06-28 16:30:22.834536,VIN-100728,2100,90,NONE
2026-06-28 16:30:22.834541,VIN-100729,2100,90,NONE
2026-06-28 16:30:22.834546,VIN-100730,2100,90,NONE
2026-06-28 16:30:22.834551,VIN-100731,2100,90,NONE
2026-06-28 16:30:22.834555,VIN-100732,2100,90,NONE
2026-06-28 16:30:22.834560,VIN-100733,2100,90,NONE
2026-06-28 16:30:22.834565,VIN-100734,2100,90,NONE
2026-06-28 16:30:22.834570,VIN-100735,2100,90,NONE
2026-06-28 16:30:22.834574,VIN-100736,2100,90,NONE
2026-06-28 16:30:22.834579,VIN-100737,2100,90,NONE
2026-06-28 16:30:22.834583,VIN-100738,2100,90,NONE
2026-06-28 16:30:22.834588,VIN-100739,2100,90,NONE
2026-06-28 16:30:22.834593,VIN-100740,2100,90,NONE
2026-06-28 16:30:22.834597,VIN-100741,2100,90,NONE
2026-06-28 16:30:22.834602,VIN-100742,2100,90,NONE
2026-06-28 16:30:22.834607,VIN-100743,2100,90,NONE
2026-06-28 16:30:22.834611,VIN-100744,2100,90,NONE
2026-06-28 16:30:22.834616,VIN-100745,2100,90,NONE
2026-06-28 16:30:22.834621,VIN-100746,2100,90,NONE
2026-06-28 16:30:22.834625,VIN-100747,2100,90,NONE
2026-06-28 16:30:22.834630,VIN-100748,2100,90,NONE
2026-06-28 16:30:22.834635,VIN-100749,2100,90,NONE
2026-06-28 16:30:22.834639,VIN-100750,2100,90,P0300
2026-06-28 16:30:22.834644,VIN-100751,2100,90,NONE
2026-06-28 16:30:22.834648,VIN-100752,2100,90,NONE
2026-06-28 16:30:22.834653,VIN-100753,2100,90,NONE
2026-06-28 16:30:22.834658,VIN-100754,2100,90,NONE
2026-06-28 16:30:22.834662,VIN-100755,2100,90,NONE
2026-06-28 16:30:22.834667,VIN-100756,2100,90,NONE
2026-06-28 16:30:22.834672,VIN-100757,2100,90,NONE
2026-06-28 16:30:22.834676,VIN-100758,2100,90,NONE
2026-06-28 16:30:22.834681,VIN-100759,2100,90,NONE
2026-06-28 16:30:22.834686,VIN-100760,2100,90,NONE
2026-06-28 16:30:22.834690,VIN-100761,2100,90,NONE
2026-06-28 16:30:22.834696,VIN-100762,2100,90,NONE
2026-06-28 16:30:22.834701,VIN-100763,2100,90,NONE
2026-06-28 16:30:22.834706,VIN-100764,2100,90,NONE
2026-06-28 16:30:22.834710,VIN-100765,2100,90,NONE
2026-06-28 16:30:22.834715,VIN-100766,2100,90,NONE
2026-06-28 16:30:22.834720,VIN-100767,2100,90,NONE
2026-06-28 16:30:22.834725,VIN-100768,2100,90,NONE
2026-06-28 16:30:22.834729,VIN-100769,2100,90,NONE
2026-06-28 16:30:22.834734,VIN-100770,2100,90,NONE
2026-06-28 16:30:22.834739,VIN-100771,2100,90,NONE
2026-06-28 16:30:22.834744,VIN-100772,2100,90,NONE
2026-06-28 16:30:22.834748,VIN-100773,2100,90,NONE
2026-06-28 16:30:22.834753,VIN-100774,2100,90,NONE
2026-06-28 16:30:22.834758,VIN-100775,2100,90,NONE
2026-06-28 16:30:22.834763,VIN-100776,2100,90,NONE
2026-06-28 16:30:22.834767,VIN-100777,2100,90,NONE
2026-06-28 16:30:22.834772,VIN-100778,2100,90,NONE
2026-06-28 16:30:22.834777,VIN-100779,2100,90,NONE
2026-06-28 16:30:22.834782,VIN-100780,2100,90,NONE
2026-06-28 16:30:22.834786,VIN-100781,2100,90,NONE
2026-06-28 16:30:22.834791,VIN-100782,2100,90,NONE
2026-06-28 16:30:22.834796,VIN-100783,2100,90,NONE
2026-06-28 16:30:22.834801,VIN-100784,2100,90,NONE
2026-06-28 16:30:22.834806,VIN-100785,2100,90,NONE
2026-06-28 16:30:22.834810,VIN-100786,2100,90,NONE
2026-06-28 16:30:22.834815,VIN-100787,2100,90,NONE
2026-06-28 16:30:22.834820,VIN-100788,2100,90,NONE
2026-06-28 16:30:22.834825,VIN-100789,2100,90,NONE
2026-06-28 16:30:22.834830,VIN-100790,2100,90,NONE
2026-06-28 16:30:22.834835,VIN-100791,2100,90,NONE
2026-06-28 16:30:22.834839,VIN-100792,2100,90,NONE
2026-06-28 16:30:22.834844,VIN-100793,2100,90,NONE
2026-06-28 16:30:22.834849,VIN-100794,2100,90,NONE
2026-06-28 16:30:22.834854,VIN-100795,2100,90,NONE
2026-06-28 16:30:22.834859,VIN-100796,2100,90,NONE
2026-06-28 16:30:22.834864,VIN-100797,2100,90,NONE
2026-06-28 16:30:22.834869,VIN-100798,2100,90,NONE
2026-06-28 16:30:22.834873,VIN-100799,2100,90,NONE
2026-06-28 16:30:22.834878,VIN-100800,2100,90,P0300
2026-06-28 16:30:22.834883,VIN-100801,2100,90,NONE
2026-06-28 16:30:22.834888,VIN-100802,2100,90,NONE
2026-06-28 16:30:22.834893,VIN-100803,2100,90,NONE
2026-06-28 16:30:22.834898,VIN-100804,2100,90,NONE
2026-06-28 16:30:22.834904,VIN-100805,2100,90,NONE
2026-06-28 16:30:22.834910,VIN-100806,2100,90,NONE
2026-06-28 16:30:22.834915,VIN-100807,2100,90,NONE
2026-06-28 16:30:22.834920,VIN-100808,2100,90,NONE
2026-06-28 16:30:22.834925,VIN-100809,2100,90,NONE
2026-06-28 16:30:22.834930,VIN-100810,2100,90,NONE
2026-06-28 16:30:22.834935,VIN-100811,2100,90,NONE
2026-06-28 16:30:22.834940,VIN-100812,2100,90,NONE
2026-06-28 16:30:22.834945,VIN-100813,2100,90,NONE
2026-06-28 16:30:22.834950,VIN-100814,2100,90,NONE
2026-06-28 16:30:22.834955,VIN-100815,2100,90,NONE
2026-06-28 16:30:22.834960,VIN-100816,2100,90,NONE
2026-06-28 16:30:22.834965,VIN-100817,2100,90,NONE
2026-06-28 16:30:22.834970,VIN-100818,2100,90,NONE
2026-06-28 16:30:22.834975,VIN-100819,2100,90,NONE
2026-06-28 16:30:22.834980,VIN-100820,2100,90,NONE
2026-06-28 16:30:22.834985,VIN-100821,2100,90,NONE
2026-06-28 16:30:22.834990,VIN-100822,2100,90,NONE
2026-06-28 16:30:22.834994,VIN-100823,2100,90,NONE
2026-06-28 16:30:22.834999,VIN-100824,2100,90,NONE
2026-06-28 16:30:22.835004,VIN-100825,2100,90,P0171
2026-06-28 16:30:22.835009,VIN-100826,2100,90,NONE
2026-06-28 16:30:22.835014,VIN-100827,2100,90,NONE
2026-06-28 16:30:22.835019,VIN-100828,2100,90,NONE
2026-06-28 16:30:22.835024,VIN-100829,2100,90,NONE
2026-06-28 16:30:22.835029,VIN-100830,2100,90,NONE
2026-06-28 16:30:22.835034,VIN-100831,2100,90,NONE
2026-06-28 16:30:22.835038,VIN-100832,2100,90,NONE
2026-06-28 16:30:22.835043,VIN-100833,2100,90,NONE
2026-06-28 16:30:22.835048,VIN-100834,2100,90,NONE
2026-06-28 16:30:22.835053,VIN-100835,2100,90,NONE
2026-06-28 16:30:22.835058,VIN-100836,2100,90,NONE
2026-06-28 16:30:22.835063,VIN-100837,2100,90,NONE
2026-06-28 16:30:22.835068,VIN-100838,2100,90,NONE
2026-06-28 16:30:22.835073,VIN-100839,2100,90,NONE
2026-06-28 16:30:22.835078,VIN-100840,2100,90,NONE
2026-06-28 16:30:22.835083,VIN-100841,2100,90,NONE
2026-06-28 16:30:22.835088,VIN-100842,2100,90,NONE
2026-06-28 16:30:22.835094,VIN-100843,2100,90,NONE
2026-06-28 16:30:22.835099,VIN-100844,2100,90,NONE
2026-06-28 16:30:22.835104,VIN-100845,2100,90,NONE
2026-06-28 16:30:22.835112,VIN-100846,2100,90,NONE
2026-06-28 16:30:22.835186,VIN-100847,2100,90,NONE
2026-06-28 16:30:22.835210,VIN-100848,2100,90,NONE
2026-06-28 16:30:22.835252,VIN-100849,2100,90,NONE
2026-06-28 16:30:22.835270,VIN-100850,2100,90,P0300
2026-06-28 16:30:22.835307,VIN-100851,2100,90,NONE
2026-06-28 16:30:22.835324,VIN-100852,2100,90,NONE
2026-06-28 16:30:22.835334,VIN-100853,2100,90,NONE
2026-06-28 16:30:22.835344,VIN-100854,2100,90,NONE
2026-06-28 16:30:22.835353,VIN-100855,2100,90,NONE
2026-06-28 16:30:22.835484,VIN-100856,2100,90,NONE
2026-06-28 16:30:22.835545,VIN-100857,2100,90,NONE
2026-06-28 16:30:22.835563,VIN-100858,2100,90,NONE
2026-06-28 16:30:22.835578,VIN-100859,2100,90,NONE
2026-06-28 16:30:22.835592,VIN-100860,2100,90,NONE
2026-06-28 16:30:22.835606,VIN-100861,2100,90,NONE
2026-06-28 16:30:22.835619,VIN-100862,2100,90,NONE
2026-06-28 16:30:22.835632,VIN-100863,2100,90,NONE
2026-06-28 16:30:22.835646,VIN-100864,2100,90,NONE
2026-06-28 16:30:22.835660,VIN-100865,2100,90,NONE
2026-06-28 16:30:22.835672,VIN-100866,2100,90,NONE
2026-06-28 16:30:22.835686,VIN-100867,2100,90,NONE
2026-06-28 16:30:22.835697,VIN-100868,2100,90,NONE
2026-06-28 16:30:22.835736,VIN-100869,2100,90,NONE
2026-06-28 16:30:22.835755,VIN-100870,2100,90,NONE
2026-06-28 16:30:22.835763,VIN-100871,2100,90,NONE
2026-06-28 16:30:22.835769,VIN-100872,2100,90,NONE
2026-06-28 16:30:22.835774,VIN-100873,2100,90,NONE
2026-06-28 16:30:22.835779,VIN-100874,2100,90,NONE
2026-06-28 16:30:22.835785,VIN-100875,2100,90,NONE
2026-06-28 16:30:22.835790,VIN-100876,2100,90,NONE
2026-06-28 16:30:22.835795,VIN-100877,2100,90,NONE
2026-06-28 16:30:22.835800,VIN-100878,2100,90,NONE
2026-06-28 16:30:22.835806,VIN-100879,2100,90,NONE
2026-06-28 16:30:22.835811,VIN-100880,2100,90,NONE
2026-06-28 16:30:22.835816,VIN-100881,2100,90,NONE
2026-06-28 16:30:22.835823,VIN-100882,2100,90,NONE
2026-06-28 16:30:22.835828,VIN-100883,2100,90,NONE
2026-06-28 16:30:22.835834,VIN-100884,2100,90,NONE
2026-06-28 16:30:22.835839,VIN-100885,2100,90,NONE
2026-06-28 16:30:22.835846,VIN-100886,2100,90,NONE
2026-06-28 16:30:22.835853,VIN-100887,2100,90,NONE
2026-06-28 16:30:22.835858,VIN-100888,2100,90,NONE
2026-06-28 16:30:22.835863,VIN-100889,2100,90,NONE
2026-06-28 16:30:22.835869,VIN-100890,2100,90,NONE
2026-06-28 16:30:22.835874,VIN-100891,2100,90,NONE
2026-06-28 16:30:22.835880,VIN-100892,2100,90,NONE
2026-06-28 16:30:22.835885,VIN-100893,2100,90,NONE
2026-06-28 16:30:22.835890,VIN-100894,2100,90,NONE
2026-06-28 16:30:22.835895,VIN-100895,2100,90,NONE
2026-06-28 16:30:22.835901,VIN-100896,2100,90,NONE
2026-06-28 16:30:22.835906,VIN-100897,2100,90,NONE
2026-06-28 16:30:22.835911,VIN-100898,2100,90,NONE
2026-06-28 16:30:22.835916,VIN-100899,2100,90,NONE
2026-06-28 16:30:22.835922,VIN-100900,2100,90,P0300
2026-06-28 16:30:22.835927,VIN-100901,2100,90,NONE
2026-06-28 16:30:22.835932,VIN-100902,2100,90,NONE
2026-06-28 16:30:22.835938,VIN-100903,2100,90,NONE
2026-06-28 16:30:22.835943,VIN-100904,2100,90,NONE
2026-06-28 16:30:22.835948,VIN-100905,2100,90,NONE
2026-06-28 16:30:22.835953,VIN-100906,2100,90,NONE
2026-06-28 16:30:22.835959,VIN-100907,2100,90,NONE
2026-06-28 16:30:22.835964,VIN-100908,2100,90,NONE
2026-06-28 16:30:22.835969,VIN-100909,2100,90,NONE
2026-06-28 16:30:22.835974,VIN-100910,2100,90,NONE
2026-06-28 16:30:22.835980,VIN-100911,2100,90,NONE
2026-06-28 16:30:22.835985,VIN-100912,2100,90,NONE
2026-06-28 16:30:22.835990,VIN-100913,2100,90,NONE
2026-06-28 16:30:22.835995,VIN-100914,2100,90,NONE
2026-06-28 16:30:22.836001,VIN-100915,2100,90,NONE
2026-06-28 16:30:22.836006,VIN-100916,2100,90,NONE
2026-06-28 16:30:22.836011,VIN-100917,2100,90,NONE
2026-06-28 16:30:22.836017,VIN-100918,2100,90,NONE
2026-06-28 16:30:22.836022,VIN-100919,2100,90,NONE
2026-06-28 16:30:22.836027,VIN-100920,2100,90,NONE
2026-06-28 16:30:22.836065,VIN-100921,2100,90,NONE
2026-06-28 16:30:22.836172,VIN-100922,2100,90,NONE
2026-06-28 16:30:22.836188,VIN-100923,2100,90,NONE
2026-06-28 16:30:22.836194,VIN-100924,2100,90,NONE
2026-06-28 16:30:22.836200,VIN-100925,2100,90,NONE
2026-06-28 16:30:22.836205,VIN-100926,2100,90,NONE
2026-06-28 16:30:22.836211,VIN-100927,2100,90,NONE
2026-06-28 16:30:22.836216,VIN-100928,2100,90,NONE
2026-06-28 16:30:22.836222,VIN-100929,2100,90,NONE
2026-06-28 16:30:22.836227,VIN-100930,2100,90,NONE
2026-06-28 16:30:22.836232,VIN-100931,2100,90,NONE
2026-06-28 16:30:22.836238,VIN-100932,2100,90,NONE
2026-06-28 16:30:22.836244,VIN-100933,2100,90,NONE
2026-06-28 16:30:22.836249,VIN-100934,2100,90,NONE
2026-06-28 16:30:22.836255,VIN-100935,2100,90,NONE
2026-06-28 16:30:22.836260,VIN-100936,2100,90,NONE
2026-06-28 16:30:22.836266,VIN-100937,2100,90,NONE
2026-06-28 16:30:22.836271,VIN-100938,2100,90,NONE
2026-06-28 16:30:22.836277,VIN-100939,2100,90,NONE
2026-06-28 16:30:22.836282,VIN-100940,2100,90,NONE
2026-06-28 16:30:22.836288,VIN-100941,2100,90,NONE
2026-06-28 16:30:22.836293,VIN-100942,2100,90,NONE
2026-06-28 16:30:22.836298,VIN-100943,2100,90,NONE
2026-06-28 16:30:22.836304,VIN-100944,2100,90,NONE
2026-06-28 16:30:22.836309,VIN-100945,2100,90,NONE
2026-06-28 16:30:22.836315,VIN-100946,2100,90,NONE
2026-06-28 16:30:22.836321,VIN-100947,2100,90,NONE
2026-06-28 16:30:22.836326,VIN-100948,2100,90,NONE
2026-06-28 16:30:22.836332,VIN-100949,2100,90,NONE
2026-06-28 16:30:22.836337,VIN-100950,2100,90,P0300
2026-06-28 16:30:22.836343,VIN-100951,2100,90,NONE
2026-06-28 16:30:22.836348,VIN-100952,2100,90,NONE
2026-06-28 16:30:22.836354,VIN-100953,2100,90,NONE
2026-06-28 16:30:22.836359,VIN-100954,2100,90,NONE
2026-06-28 16:30:22.836365,VIN-100955,2100,90,NONE
2026-06-28 16:30:22.836370,VIN-100956,2100,90,NONE
2026-06-28 16:30:22.836376,VIN-100957,2100,90,NONE
2026-06-28 16:30:22.836381,VIN-100958,2100,90,NONE
2026-06-28 16:30:22.836387,VIN-100959,2100,90,NONE
2026-06-28 16:30:22.836393,VIN-100960,2100,90,NONE
2026-06-28 16:30:22.836399,VIN-100961,2100,90,NONE
2026-06-28 16:30:22.836404,VIN-100962,2100,90,NONE
2026-06-28 16:30:22.836411,VIN-100963,2100,90,NONE
2026-06-28 16:30:22.836417,VIN-100964,2100,90,NONE
2026-06-28 16:30:22.836423,VIN-100965,2100,90,NONE
2026-06-28 16:30:22.836430,VIN-100966,2100,90,NONE
2026-06-28 16:30:22.836437,VIN-100967,2100,90,NONE
2026-06-28 16:30:22.836443,VIN-100968,2100,90,NONE
2026-06-28 16:30:22.836452,VIN-100969,2100,90,NONE
2026-06-28 16:30:22.836462,VIN-100970,2100,90,NONE
2026-06-28 16:30:22.836473,VIN-100971,2100,90,NONE
2026-06-28 16:30:22.836483,VIN-100972,2100,90,NONE
2026-06-28 16:30:22.836494,VIN-100973,2100,90,NONE
2026-06-28 16:30:22.836505,VIN-100974,2100,90,NONE
2026-06-28 16:30:22.836515,VIN-100975,2100,90,P0171
2026-06-28 16:30:22.836525,VIN-100976,2100,90,NONE
2026-06-28 16:30:22.836535,VIN-100977,2100,90,NONE
2026-06-28 16:30:22.836620,VIN-100978,2100,90,NONE
2026-06-28 16:30:22.836637,VIN-100979,2100,90,NONE
2026-06-28 16:30:22.836648,VIN-100980,2100,90,NONE
2026-06-28 16:30:22.836658,VIN-100981,2100,90,NONE
2026-06-28 16:30:22.836668,VIN-100982,2100,90,NONE
2026-06-28 16:30:22.836680,VIN-100983,2100,90,NONE
2026-06-28 16:30:22.836690,VIN-100984,2100,90,NONE
2026-06-28 16:30:22.836700,VIN-100985,2100,90,NONE
2026-06-28 16:30:22.836711,VIN-100986,2100,90,NONE
2026-06-28 16:30:22.836721,VIN-100987,2100,90,NONE
2026-06-28 16:30:22.836731,VIN-100988,2100,90,NONE
2026-06-28 16:30:22.836740,VIN-100989,2100,90,NONE
2026-06-28 16:30:22.836747,VIN-100990,2100,90,NONE
2026-06-28 16:30:22.836752,VIN-100991,2100,90,NONE
2026-06-28 16:30:22.836758,VIN-100992,2100,90,NONE
2026-06-28 16:30:22.836764,VIN-100993,2100,90,NONE
2026-06-28 16:30:22.836773,VIN-100994,2100,90,NONE
2026-06-28 16:30:22.836779,VIN-100995,2100,90,NONE
2026-06-28 16:30:22.836785,VIN-100996,2100,90,NONE
2026-06-28 16:30:22.836791,VIN-100997,2100,90,NONE
2026-06-28 16:30:22.836798,VIN-100998,2100,90,NONE
2026-06-28 16:30:22.836808,VIN-100999,2100,90,NONE
2026-06-28 16:30:22.836819,VIN-101000,2100,90,P0300
