timestamp,vehicle_id,engine_rpm,coolant_temp_c,fault_code
2026-06-28 20:08:11.412932,VIN-100001,2100,90,NONE
2026-06-28 20:08:11.412949,VIN-100002,2100,90,NONE
2026-06-28 20:08:11.412952,VIN-100003,2100,90,NONE
2026-06-28 20:08:11.412954,VIN-100004,2100,90,NONE
2026-06-28 20:08:11.412957,VIN-100005,2100,90,NONE
2026-06-28 20:08:11.412970,VIN-100006,2100,90,NONE
2026-06-28 20:08:11.413044,VIN-100007,2100,90,NONE
2026-06-28 20:08:11.413061,VIN-100008,2100,90,NONE
2026-06-28 20:08:11.413067,VIN-100009,2100,90,NONE
2026-06-28 20:08:11.413071,VIN-100010,2100,90,NONE
2026-06-28 20:08:11.413075,VIN-100011,2100,90,NONE
2026-06-28 20:08:11.413080,VIN-100012,2100,90,NONE
2026-06-28 20:08:11.413084,VIN-100013,2100,90,NONE
2026-06-28 20:08:11.413088,VIN-100014,2100,90,NONE
2026-06-28 20:08:11.413092,VIN-100015,2100,90,NONE
2026-06-28 20:08:11.413096,VIN-100016,2100,90,NONE
2026-06-28 20:08:11.413101,VIN-100017,2100,90,NONE
2026-06-28 20:08:11.413105,VIN-100018,2100,90,NONE
2026-06-28 20:08:11.413109,VIN-100019,2100,90,NONE
2026-06-28 20:08:11.413113,VIN-100020,2100,90,NONE
2026-06-28 20:08:11.413118,VIN-100021,2100,90,NONE
2026-06-28 20:08:11.413123,VIN-100022,2100,90,NONE
2026-06-28 20:08:11.413127,VIN-100023,2100,90,NONE
2026-06-28 20:08:11.413132,VIN-100024,2100,90,NONE
2026-06-28 20:08:11.413137,VIN-100025,2100,90,NONE
2026-06-28 20:08:11.413141,VIN-100026,2100,90,NONE
2026-06-28 20:08:11.413145,VIN-100027,2100,90,NONE
2026-06-28 20:08:11.413149,VIN-100028,2100,90,NONE
2026-06-28 20:08:11.413153,VIN-100029,2100,90,NONE
2026-06-28 20:08:11.413157,VIN-100030,2100,90,NONE
2026-06-28 20:08:11.413161,VIN-100031,2100,90,NONE
2026-06-28 20:08:11.413165,VIN-100032,2100,90,NONE
2026-06-28 20:08:11.413169,VIN-100033,2100,90,NONE
2026-06-28 20:08:11.413173,VIN-100034,2100,90,NONE
2026-06-28 20:08:11.413177,VIN-100035,2100,90,NONE
2026-06-28 20:08:11.413181,VIN-100036,2100,90,NONE
2026-06-28 20:08:11.413185,VIN-100037,2100,90,NONE
2026-06-28 20:08:11.413190,VIN-100038,2100,90,NONE
2026-06-28 20:08:11.413194,VIN-100039,2100,90,NONE
2026-06-28 20:08:11.413198,VIN-100040,2100,90,NONE
2026-06-28 20:08:11.413203,VIN-100041,2100,90,NONE
2026-06-28 20:08:11.413207,VIN-100042,2100,90,NONE
2026-06-28 20:08:11.413211,VIN-100043,2100,90,NONE
2026-06-28 20:08:11.413216,VIN-100044,2100,90,NONE
2026-06-28 20:08:11.413220,VIN-100045,2100,90,NONE
2026-06-28 20:08:11.413224,VIN-100046,2100,90,NONE
2026-06-28 20:08:11.413228,VIN-100047,2100,90,NONE
2026-06-28 20:08:11.413232,VIN-100048,2100,90,NONE
2026-06-28 20:08:11.413236,VIN-100049,2100,90,NONE
2026-06-28 20:08:11.413241,VIN-100050,2100,90,P0300
2026-06-28 20:08:11.413245,VIN-100051,2100,90,NONE
2026-06-28 20:08:11.413250,VIN-100052,2100,90,NONE
2026-06-28 20:08:11.413255,VIN-100053,2100,90,NONE
2026-06-28 20:08:11.413259,VIN-100054,2100,90,NONE
2026-06-28 20:08:11.413264,VIN-100055,2100,90,NONE
2026-06-28 20:08:11.413268,VIN-100056,2100,90,NONE
2026-06-28 20:08:11.413273,VIN-100057,2100,90,NONE
2026-06-28 20:08:11.413276,VIN-100058,2100,90,NONE
2026-06-28 20:08:11.413279,VIN-100059,2100,90,NONE
2026-06-28 20:08:11.413282,VIN-100060,2100,90,NONE
2026-06-28 20:08:11.413285,VIN-100061,2100,90,NONE
2026-06-28 20:08:11.413288,VIN-100062,2100,90,NONE
2026-06-28 20:08:11.413292,VIN-100063,2100,90,NONE
2026-06-28 20:08:11.413297,VIN-100064,2100,90,NONE
2026-06-28 20:08:11.413302,VIN-100065,2100,90,NONE
2026-06-28 20:08:11.413307,VIN-100066,2100,90,NONE
2026-06-28 20:08:11.413311,VIN-100067,2100,90,NONE
2026-06-28 20:08:11.413315,VIN-100068,2100,90,NONE
2026-06-28 20:08:11.413319,VIN-100069,2100,90,NONE
2026-06-28 20:08:11.413324,VIN-100070,2100,90,NONE
2026-06-28 20:08:11.413328,VIN-100071,2100,90,NONE
2026-06-28 20:08:11.413333,VIN-100072,2100,90,NONE
2026-06-28 20:08:11.413338,VIN-100073,2100,90,NONE
2026-06-28 20:08:11.413342,VIN-100074,2100,90,NONE
2026-06-28 20:08:11.413347,VIN-100075,2100,90,P0171
2026-06-28 20:08:11.413350,VIN-100076,2100,90,NONE
2026-06-28 20:08:11.413352,VIN-100077,2100,90,NONE
2026-06-28 20:08:11.413355,VIN-100078,2100,90,NONE
2026-06-28 20:08:11.413357,VIN-100079,2100,90,NONE
2026-06-28 20:08:11.413360,VIN-100080,2100,90,NONE
2026-06-28 20:08:11.413362,VIN-100081,2100,90,NONE
2026-06-28 20:08:11.413365,VIN-100082,2100,90,NONE
2026-06-28 20:08:11.413367,VIN-100083,2100,90,NONE
2026-06-28 20:08:11.413370,VIN-100084,2100,90,NONE
2026-06-28 20:08:11.413372,VIN-100085,2100,90,NONE
2026-06-28 20:08:11.413374,VIN-100086,2100,90,NONE
2026-06-28 20:08:11.413377,VIN-100087,2100,90,NONE
2026-06-28 20:08:11.413379,VIN-100088,2100,90,NONE
2026-06-28 20:08:11.413382,VIN-100089,2100,90,NONE
2026-06-28 20:08:11.413384,VIN-100090,2100,90,NONE
2026-06-28 20:08:11.413387,VIN-100091,2100,90,NONE
2026-06-28 20:08:11.413390,VIN-100092,2100,90,NONE
2026-06-28 20:08:11.413392,VIN-100093,2100,90,NONE
2026-06-28 20:08:11.413395,VIN-100094,2100,90,NONE
2026-06-28 20:08:11.413397,VIN-100095,2100,90,NONE
2026-06-28 20:08:11.413400,VIN-100096,2100,90,NONE
2026-06-28 20:08:11.413402,VIN-100097,2100,90,NONE
2026-06-28 20:08:11.413405,VIN-100098,2100,90,NONE
2026-06-28 20:08:11.413407,VIN-100099,2100,90,NONE
2026-06-28 20:08:11.413410,VIN-100100,2100,90,P0300
2026-06-28 20:08:11.413413,VIN-100101,2100,90,NONE
2026-06-28 20:08:11.413416,VIN-100102,2100,90,NONE
2026-06-28 20:08:11.413418,VIN-100103,2100,90,NONE
2026-06-28 20:08:11.413421,VIN-100104,2100,90,NONE
2026-06-28 20:08:11.413424,VIN-100105,2100,90,NONE
2026-06-28 20:08:11.413426,VIN-100106,2100,90,NONE
2026-06-28 20:08:11.413429,VIN-100107,2100,90,NONE
2026-06-28 20:08:11.413432,VIN-100108,2100,90,NONE
2026-06-28 20:08:11.413435,VIN-100109,2100,90,NONE
2026-06-28 20:08:11.413437,VIN-100110,2100,90,NONE
2026-06-28 20:08:11.413440,VIN-100111,2100,90,NONE
2026-06-28 20:08:11.413443,VIN-100112,2100,90,NONE
2026-06-28 20:08:11.413445,VIN-100113,2100,90,NONE
2026-06-28 20:08:11.413448,VIN-100114,2100,90,NONE
2026-06-28 20:08:11.413451,VIN-100115,2100,90,NONE
2026-06-28 20:08:11.413453,VIN-100116,2100,90,NONE
2026-06-28 20:08:11.413456,VIN-100117,2100,90,NONE
2026-06-28 20:08:11.413459,VIN-100118,2100,90,NONE
2026-06-28 20:08:11.413461,VIN-100119,2100,90,NONE
2026-06-28 20:08:11.413464,VIN-100120,2100,90,NONE
2026-06-28 20:08:11.413466,VIN-100121,2100,90,NONE
2026-06-28 20:08:11.413469,VIN-100122,2100,90,NONE
2026-06-28 20:08:11.413472,VIN-100123,2100,90,NONE
2026-06-28 20:08:11.413474,VIN-100124,2100,90,NONE
2026-06-28 20:08:11.413477,VIN-100125,2100,90,NONE
2026-06-28 20:08:11.413480,VIN-100126,2100,90,NONE
2026-06-28 20:08:11.413482,VIN-100127,2100,90,NONE
2026-06-28 20:08:11.413485,VIN-100128,2100,90,NONE
2026-06-28 20:08:11.413488,VIN-100129,2100,90,NONE
2026-06-28 20:08:11.413490,VIN-100130,2100,90,NONE
2026-06-28 20:08:11.413493,VIN-100131,2100,90,NONE
2026-06-28 20:08:11.413496,VIN-100132,2100,90,NONE
2026-06-28 20:08:11.413498,VIN-100133,2100,90,NONE
2026-06-28 20:08:11.413501,VIN-100134,2100,90,NONE
2026-06-28 20:08:11.413504,VIN-100135,2100,90,NONE
2026-06-28 20:08:11.413507,VIN-100136,2100,90,NONE
2026-06-28 20:08:11.413509,VIN-100137,2100,90,NONE
2026-06-28 20:08:11.413512,VIN-100138,2100,90,NONE
2026-06-28 20:08:11.413515,VIN-100139,2100,90,NONE
2026-06-28 20:08:11.413517,VIN-100140,2100,90,NONE
2026-06-28 20:08:11.413520,VIN-100141,2100,90,NONE
2026-06-28 20:08:11.413523,VIN-100142,2100,90,NONE
2026-06-28 20:08:11.413525,VIN-100143,2100,90,NONE
2026-06-28 20:08:11.413528,VIN-100144,2100,90,NONE
2026-06-28 20:08:11.413531,VIN-100145,2100,90,NONE
2026-06-28 20:08:11.413534,VIN-100146,2100,90,NONE
2026-06-28 20:08:11.413536,VIN-100147,2100,90,NONE
2026-06-28 20:08:11.413539,VIN-100148,2100,90,NONE
2026-06-28 20:08:11.413542,VIN-100149,2100,90,NONE
2026-06-28 20:08:11.413544,VIN-100150,2100,90,P0300
2026-06-28 20:08:11.413547,VIN-100151,2100,90,NONE
2026-06-28 20:08:11.413550,VIN-100152,2100,90,NONE
2026-06-28 20:08:11.413552,VIN-100153,2100,90,NONE
2026-06-28 20:08:11.413555,VIN-100154,2100,90,NONE
2026-06-28 20:08:11.413558,VIN-100155,2100,90,NONE
2026-06-28 20:08:11.413560,VIN-100156,2100,90,NONE
2026-06-28 20:08:11.413563,VIN-100157,2100,90,NONE
2026-06-28 20:08:11.413566,VIN-100158,2100,90,NONE
2026-06-28 20:08:11.413568,VIN-100159,2100,90,NONE
2026-06-28 20:08:11.413571,VIN-100160,2100,90,NONE
2026-06-28 20:08:11.413574,VIN-100161,2100,90,NONE
2026-06-28 20:08:11.413577,VIN-100162,2100,90,NONE
2026-06-28 20:08:11.413580,VIN-100163,2100,90,NONE
2026-06-28 20:08:11.413582,VIN-100164,2100,90,NONE
2026-06-28 20:08:11.413585,VIN-100165,2100,90,NONE
2026-06-28 20:08:11.413588,VIN-100166,2100,90,NONE
2026-06-28 20:08:11.413591,VIN-100167,2100,90,NONE
2026-06-28 20:08:11.413594,VIN-100168,2100,90,NONE
2026-06-28 20:08:11.413596,VIN-100169,2100,90,NONE
2026-06-28 20:08:11.413599,VIN-100170,2100,90,NONE
2026-06-28 20:08:11.413602,VIN-100171,2100,90,NONE
2026-06-28 20:08:11.413605,VIN-100172,2100,90,NONE
2026-06-28 20:08:11.413608,VIN-100173,2100,90,NONE
2026-06-28 20:08:11.413611,VIN-100174,2100,90,NONE
2026-06-28 20:08:11.413614,VIN-100175,2100,90,NONE
2026-06-28 20:08:11.413617,VIN-100176,2100,90,NONE
2026-06-28 20:08:11.413619,VIN-100177,2100,90,NONE
2026-06-28 20:08:11.413622,VIN-100178,2100,90,NONE
2026-06-28 20:08:11.413625,VIN-100179,2100,90,NONE
2026-06-28 20:08:11.413628,VIN-100180,2100,90,NONE
2026-06-28 20:08:11.413631,VIN-100181,2100,90,NONE
2026-06-28 20:08:11.413634,VIN-100182,2100,90,NONE
2026-06-28 20:08:11.413637,VIN-100183,2100,90,NONE
2026-06-28 20:08:11.413640,VIN-100184,2100,90,NONE
2026-06-28 20:08:11.413642,VIN-100185,2100,90,NONE
2026-06-28 20:08:11.413645,VIN-100186,2100,90,NONE
2026-06-28 20:08:11.413648,VIN-100187,2100,90,NONE
2026-06-28 20:08:11.413651,VIN-100188,2100,90,NONE
2026-06-28 20:08:11.413654,VIN-100189,2100,90,NONE
2026-06-28 20:08:11.413657,VIN-100190,2100,90,NONE
2026-06-28 20:08:11.413659,VIN-100191,2100,90,NONE
2026-06-28 20:08:11.413662,VIN-100192,2100,90,NONE
2026-06-28 20:08:11.413665,VIN-100193,2100,90,NONE
2026-06-28 20:08:11.413668,VIN-100194,2100,90,NONE
2026-06-28 20:08:11.413671,VIN-100195,2100,90,NONE
2026-06-28 20:08:11.413674,VIN-100196,2100,90,NONE
2026-06-28 20:08:11.413677,VIN-100197,2100,90,NONE
2026-06-28 20:08:11.413680,VIN-100198,2100,90,NONE
2026-06-28 20:08:11.413682,VIN-100199,2100,90,NONE
2026-06-28 20:08:11.413685,VIN-100200,2100,90,P0300
2026-06-28 20:08:11.413688,VIN-100201,2100,90,NONE
2026-06-28 20:08:11.413691,VIN-100202,2100,90,NONE
2026-06-28 20:08:11.413694,VIN-100203,2100,90,NONE
2026-06-28 20:08:11.413697,VIN-100204,2100,90,NONE
2026-06-28 20:08:11.413700,VIN-100205,2100,90,NONE
2026-06-28 20:08:11.413703,VIN-100206,2100,90,NONE
2026-06-28 20:08:11.413706,VIN-100207,2100,90,NONE
2026-06-28 20:08:11.413709,VIN-100208,2100,90,NONE
2026-06-28 20:08:11.413712,VIN-100209,2100,90,NONE
2026-06-28 20:08:11.413715,VIN-100210,2100,90,NONE
2026-06-28 20:08:11.413718,VIN-100211,2100,90,NONE
2026-06-28 20:08:11.413721,VIN-100212,2100,90,NONE
2026-06-28 20:08:11.413724,VIN-100213,2100,90,NONE
2026-06-28 20:08:11.413727,VIN-100214,2100,90,NONE
2026-06-28 20:08:11.413730,VIN-100215,2100,90,NONE
2026-06-28 20:08:11.413733,VIN-100216,2100,90,NONE
2026-06-28 20:08:11.413736,VIN-100217,2100,90,NONE
2026-06-28 20:08:11.413739,VIN-100218,2100,90,NONE
2026-06-28 20:08:11.413742,VIN-100219,2100,90,NONE
2026-06-28 20:08:11.413745,VIN-100220,2100,90,NONE
2026-06-28 20:08:11.413748,VIN-100221,2100,90,NONE
2026-06-28 20:08:11.413751,VIN-100222,2100,90,NONE
2026-06-28 20:08:11.413754,VIN-100223,2100,90,NONE
2026-06-28 20:08:11.413757,VIN-100224,2100,90,NONE
2026-06-28 20:08:11.413760,VIN-100225,2100,90,P0171
2026-06-28 20:08:11.413763,VIN-100226,2100,90,NONE
2026-06-28 20:08:11.413766,VIN-100227,2100,90,NONE
2026-06-28 20:08:11.413769,VIN-100228,2100,90,NONE
2026-06-28 20:08:11.413772,VIN-100229,2100,90,NONE
2026-06-28 20:08:11.413774,VIN-100230,2100,90,NONE
2026-06-28 20:08:11.413778,VIN-100231,2100,90,NONE
2026-06-28 20:08:11.413780,VIN-100232,2100,90,NONE
2026-06-28 20:08:11.413783,VIN-100233,2100,90,NONE
2026-06-28 20:08:11.413786,VIN-100234,2100,90,NONE
2026-06-28 20:08:11.413789,VIN-100235,2100,90,NONE
2026-06-28 20:08:11.413792,VIN-100236,2100,90,NONE
2026-06-28 20:08:11.413795,VIN-100237,2100,90,NONE
2026-06-28 20:08:11.413799,VIN-100238,2100,90,NONE
2026-06-28 20:08:11.413801,VIN-100239,2100,90,NONE
2026-06-28 20:08:11.413804,VIN-100240,2100,90,NONE
2026-06-28 20:08:11.413808,VIN-100241,2100,90,NONE
2026-06-28 20:08:11.413811,VIN-100242,2100,90,NONE
2026-06-28 20:08:11.413814,VIN-100243,2100,90,NONE
2026-06-28 20:08:11.413817,VIN-100244,2100,90,NONE
2026-06-28 20:08:11.413821,VIN-100245,2100,90,NONE
2026-06-28 20:08:11.413823,VIN-100246,2100,90,NONE
2026-06-28 20:08:11.413826,VIN-100247,2100,90,NONE
2026-06-28 20:08:11.413829,VIN-100248,2100,90,NONE
2026-06-28 20:08:11.413832,VIN-100249,2100,90,NONE
2026-06-28 20:08:11.413835,VIN-100250,2100,90,P0300
2026-06-28 20:08:11.413838,VIN-100251,2100,90,NONE
2026-06-28 20:08:11.413841,VIN-100252,2100,90,NONE
2026-06-28 20:08:11.413844,VIN-100253,2100,90,NONE
2026-06-28 20:08:11.413847,VIN-100254,2100,90,NONE
2026-06-28 20:08:11.413850,VIN-100255,2100,90,NONE
2026-06-28 20:08:11.413853,VIN-100256,2100,90,NONE
2026-06-28 20:08:11.413857,VIN-100257,2100,90,NONE
2026-06-28 20:08:11.413860,VIN-100258,2100,90,NONE
2026-06-28 20:08:11.413863,VIN-100259,2100,90,NONE
2026-06-28 20:08:11.413866,VIN-100260,2100,90,NONE
2026-06-28 20:08:11.413869,VIN-100261,2100,90,NONE
2026-06-28 20:08:11.413872,VIN-100262,2100,90,NONE
2026-06-28 20:08:11.413876,VIN-100263,2100,90,NONE
2026-06-28 20:08:11.413879,VIN-100264,2100,90,NONE
2026-06-28 20:08:11.413882,VIN-100265,2100,90,NONE
2026-06-28 20:08:11.413885,VIN-100266,2100,90,NONE
2026-06-28 20:08:11.413888,VIN-100267,2100,90,NONE
2026-06-28 20:08:11.413891,VIN-100268,2100,90,NONE
2026-06-28 20:08:11.413895,VIN-100269,2100,90,NONE
2026-06-28 20:08:11.413898,VIN-100270,2100,90,NONE
2026-06-28 20:08:11.413901,VIN-100271,2100,90,NONE
2026-06-28 20:08:11.413904,VIN-100272,2100,90,NONE
2026-06-28 20:08:11.413907,VIN-100273,2100,90,NONE
2026-06-28 20:08:11.413911,VIN-100274,2100,90,NONE
2026-06-28 20:08:11.413914,VIN-100275,2100,90,NONE
2026-06-28 20:08:11.413918,VIN-100276,2100,90,NONE
2026-06-28 20:08:11.413921,VIN-100277,2100,90,NONE
2026-06-28 20:08:11.413924,VIN-100278,2100,90,NONE
2026-06-28 20:08:11.413927,VIN-100279,2100,90,NONE
2026-06-28 20:08:11.413930,VIN-100280,2100,90,NONE
2026-06-28 20:08:11.413934,VIN-100281,2100,90,NONE
2026-06-28 20:08:11.413937,VIN-100282,2100,90,NONE
2026-06-28 20:08:11.413940,VIN-100283,2100,90,NONE
2026-06-28 20:08:11.413943,VIN-100284,2100,90,NONE
2026-06-28 20:08:11.413947,VIN-100285,2100,90,NONE
2026-06-28 20:08:11.413950,VIN-100286,2100,90,NONE
2026-06-28 20:08:11.413953,VIN-100287,2100,90,NONE
2026-06-28 20:08:11.413956,VIN-100288,2100,90,NONE
2026-06-28 20:08:11.413961,VIN-100289,2100,90,NONE
2026-06-28 20:08:11.414022,VIN-100290,2100,90,NONE
2026-06-28 20:08:11.414031,VIN-100291,2100,90,NONE
2026-06-28 20:08:11.414034,VIN-100292,2100,90,NONE
2026-06-28 20:08:11.414038,VIN-100293,2100,90,NONE
2026-06-28 20:08:11.414041,VIN-100294,2100,90,NONE
2026-06-28 20:08:11.414044,VIN-100295,2100,90,NONE
2026-06-28 20:08:11.414048,VIN-100296,2100,90,NONE
2026-06-28 20:08:11.414051,VIN-100297,2100,90,NONE
2026-06-28 20:08:11.414054,VIN-100298,2100,90,NONE
2026-06-28 20:08:11.414058,VIN-100299,2100,90,NONE
2026-06-28 20:08:11.414061,VIN-100300,2100,90,P0300
2026-06-28 20:08:11.414064,VIN-100301,2100,90,NONE
2026-06-28 20:08:11.414067,VIN-100302,2100,90,NONE
2026-06-28 20:08:11.414071,VIN-100303,2100,90,NONE
2026-06-28 20:08:11.414074,VIN-100304,2100,90,NONE
2026-06-28 20:08:11.414077,VIN-100305,2100,90,NONE
2026-06-28 20:08:11.414080,VIN-100306,2100,90,NONE
2026-06-28 20:08:11.414084,VIN-100307,2100,90,NONE
2026-06-28 20:08:11.414087,VIN-100308,2100,90,NONE
2026-06-28 20:08:11.414090,VIN-100309,2100,90,NONE
2026-06-28 20:08:11.414093,VIN-100310,2100,90,NONE
2026-06-28 20:08:11.414097,VIN-100311,2100,90,NONE
2026-06-28 20:08:11.414100,VIN-100312,2100,90,NONE
2026-06-28 20:08:11.414103,VIN-100313,2100,90,NONE
2026-06-28 20:08:11.414107,VIN-100314,2100,90,NONE
2026-06-28 20:08:11.414110,VIN-100315,2100,90,NONE
2026-06-28 20:08:11.414113,VIN-100316,2100,90,NONE
2026-06-28 20:08:11.414116,VIN-100317,2100,90,NONE
2026-06-28 20:08:11.414120,VIN-100318,2100,90,NONE
2026-06-28 20:08:11.414123,VIN-100319,2100,90,NONE
2026-06-28 20:08:11.414126,VIN-100320,2100,90,NONE
2026-06-28 20:08:11.414130,VIN-100321,2100,90,NONE
2026-06-28 20:08:11.414133,VIN-100322,2100,90,NONE
2026-06-28 20:08:11.414136,VIN-100323,2100,90,NONE
2026-06-28 20:08:11.414139,VIN-100324,2100,90,NONE
2026-06-28 20:08:11.414143,VIN-100325,2100,90,NONE
2026-06-28 20:08:11.414146,VIN-100326,2100,90,NONE
2026-06-28 20:08:11.414149,VIN-100327,2100,90,NONE
2026-06-28 20:08:11.414153,VIN-100328,2100,90,NONE
2026-06-28 20:08:11.414156,VIN-100329,2100,90,NONE
2026-06-28 20:08:11.414159,VIN-100330,2100,90,NONE
2026-06-28 20:08:11.414163,VIN-100331,2100,90,NONE
2026-06-28 20:08:11.414166,VIN-100332,2100,90,NONE
2026-06-28 20:08:11.414169,VIN-100333,2100,90,NONE
2026-06-28 20:08:11.414173,VIN-100334,2100,90,NONE
2026-06-28 20:08:11.414176,VIN-100335,2100,90,NONE
2026-06-28 20:08:11.414179,VIN-100336,2100,90,NONE
2026-06-28 20:08:11.414183,VIN-100337,2100,90,NONE
2026-06-28 20:08:11.414186,VIN-100338,2100,90,NONE
2026-06-28 20:08:11.414189,VIN-100339,2100,90,NONE
2026-06-28 20:08:11.414193,VIN-100340,2100,90,NONE
2026-06-28 20:08:11.414196,VIN-100341,2100,90,NONE
2026-06-28 20:08:11.414199,VIN-100342,2100,90,NONE
2026-06-28 20:08:11.414203,VIN-100343,2100,90,NONE
2026-06-28 20:08:11.414206,VIN-100344,2100,90,NONE
2026-06-28 20:08:11.414210,VIN-100345,2100,90,NONE
2026-06-28 20:08:11.414213,VIN-100346,2100,90,NONE
2026-06-28 20:08:11.414216,VIN-100347,2100,90,NONE
2026-06-28 20:08:11.414220,VIN-100348,2100,90,NONE
2026-06-28 20:08:11.414223,VIN-100349,2100,90,NONE
2026-06-28 20:08:11.414227,VIN-100350,2100,90,P0300
2026-06-28 20:08:11.414230,VIN-100351,2100,90,NONE
2026-06-28 20:08:11.414233,VIN-100352,2100,90,NONE
2026-06-28 20:08:11.414237,VIN-100353,2100,90,NONE
2026-06-28 20:08:11.414240,VIN-100354,2100,90,NONE
2026-06-28 20:08:11.414244,VIN-100355,2100,90,NONE
2026-06-28 20:08:11.414247,VIN-100356,2100,90,NONE
2026-06-28 20:08:11.414251,VIN-100357,2100,90,NONE
2026-06-28 20:08:11.414254,VIN-100358,2100,90,NONE
2026-06-28 20:08:11.414258,VIN-100359,2100,90,NONE
2026-06-28 20:08:11.414261,VIN-100360,2100,90,NONE
2026-06-28 20:08:11.414265,VIN-100361,2100,90,NONE
2026-06-28 20:08:11.414268,VIN-100362,2100,90,NONE
2026-06-28 20:08:11.414272,VIN-100363,2100,90,NONE
2026-06-28 20:08:11.414275,VIN-100364,2100,90,NONE
2026-06-28 20:08:11.414279,VIN-100365,2100,90,NONE
2026-06-28 20:08:11.414282,VIN-100366,2100,90,NONE
2026-06-28 20:08:11.414286,VIN-100367,2100,90,NONE
2026-06-28 20:08:11.414289,VIN-100368,2100,90,NONE
2026-06-28 20:08:11.414293,VIN-100369,2100,90,NONE
2026-06-28 20:08:11.414296,VIN-100370,2100,90,NONE
2026-06-28 20:08:11.414300,VIN-100371,2100,90,NONE
2026-06-28 20:08:11.414304,VIN-100372,2100,90,NONE
2026-06-28 20:08:11.414308,VIN-100373,2100,90,NONE
2026-06-28 20:08:11.414311,VIN-100374,2100,90,NONE
2026-06-28 20:08:11.414315,VIN-100375,2100,90,P0171
2026-06-28 20:08:11.414318,VIN-100376,2100,90,NONE
2026-06-28 20:08:11.414322,VIN-100377,2100,90,NONE
2026-06-28 20:08:11.414326,VIN-100378,2100,90,NONE
2026-06-28 20:08:11.414329,VIN-100379,2100,90,NONE
2026-06-28 20:08:11.414333,VIN-100380,2100,90,NONE
2026-06-28 20:08:11.414336,VIN-100381,2100,90,NONE
2026-06-28 20:08:11.414340,VIN-100382,2100,90,NONE
2026-06-28 20:08:11.414343,VIN-100383,2100,90,NONE
2026-06-28 20:08:11.414347,VIN-100384,2100,90,NONE
2026-06-28 20:08:11.414350,VIN-100385,2100,90,NONE
2026-06-28 20:08:11.414354,VIN-100386,2100,90,NONE
2026-06-28 20:08:11.414357,VIN-100387,2100,90,NONE
2026-06-28 20:08:11.414361,VIN-100388,2100,90,NONE
2026-06-28 20:08:11.414365,VIN-100389,2100,90,NONE
2026-06-28 20:08:11.414368,VIN-100390,2100,90,NONE
2026-06-28 20:08:11.414372,VIN-100391,2100,90,NONE
2026-06-28 20:08:11.414375,VIN-100392,2100,90,NONE
2026-06-28 20:08:11.414379,VIN-100393,2100,90,NONE
2026-06-28 20:08:11.414383,VIN-100394,2100,90,NONE
2026-06-28 20:08:11.414386,VIN-100395,2100,90,NONE
2026-06-28 20:08:11.414390,VIN-100396,2100,90,NONE
2026-06-28 20:08:11.414393,VIN-100397,2100,90,NONE
2026-06-28 20:08:11.414397,VIN-100398,2100,90,NONE
2026-06-28 20:08:11.414401,VIN-100399,2100,90,NONE
2026-06-28 20:08:11.414404,VIN-100400,2100,90,P0300
2026-06-28 20:08:11.414408,VIN-100401,2100,90,NONE
2026-06-28 20:08:11.414411,VIN-100402,2100,90,NONE
2026-06-28 20:08:11.414415,VIN-100403,2100,90,NONE
2026-06-28 20:08:11.414419,VIN-100404,2100,90,NONE
2026-06-28 20:08:11.414423,VIN-100405,2100,90,NONE
2026-06-28 20:08:11.414427,VIN-100406,2100,90,NONE
2026-06-28 20:08:11.414431,VIN-100407,2100,90,NONE
2026-06-28 20:08:11.414434,VIN-100408,2100,90,NONE
2026-06-28 20:08:11.414438,VIN-100409,2100,90,NONE
2026-06-28 20:08:11.414441,VIN-100410,2100,90,NONE
2026-06-28 20:08:11.414446,VIN-100411,2100,90,NONE
2026-06-28 20:08:11.414452,VIN-100412,2100,90,NONE
2026-06-28 20:08:11.414474,VIN-100413,2100,90,NONE
2026-06-28 20:08:11.414481,VIN-100414,2100,90,NONE
2026-06-28 20:08:11.414488,VIN-100415,2100,90,NONE
2026-06-28 20:08:11.414494,VIN-100416,2100,90,NONE
2026-06-28 20:08:11.414500,VIN-100417,2100,90,NONE
2026-06-28 20:08:11.414507,VIN-100418,2100,90,NONE
2026-06-28 20:08:11.414513,VIN-100419,2100,90,NONE
2026-06-28 20:08:11.414520,VIN-100420,2100,90,NONE
2026-06-28 20:08:11.414526,VIN-100421,2100,90,NONE
2026-06-28 20:08:11.414532,VIN-100422,2100,90,NONE
2026-06-28 20:08:11.414559,VIN-100423,2100,90,NONE
2026-06-28 20:08:11.414567,VIN-100424,2100,90,NONE
2026-06-28 20:08:11.414574,VIN-100425,2100,90,NONE
2026-06-28 20:08:11.414581,VIN-100426,2100,90,NONE
2026-06-28 20:08:11.414609,VIN-100427,2100,90,NONE
2026-06-28 20:08:11.414661,VIN-100428,2100,90,NONE
2026-06-28 20:08:11.414668,VIN-100429,2100,90,NONE
2026-06-28 20:08:11.414804,VIN-100430,2100,90,NONE
2026-06-28 20:08:11.414857,VIN-100431,2100,90,NONE
2026-06-28 20:08:11.414900,VIN-100432,2100,90,NONE
2026-06-28 20:08:11.415350,VIN-100433,2100,90,NONE
2026-06-28 20:08:11.415533,VIN-100434,2100,90,NONE
2026-06-28 20:08:11.415717,VIN-100435,2100,90,NONE
2026-06-28 20:08:11.415869,VIN-100436,2100,90,NONE
2026-06-28 20:08:11.416536,VIN-100437,2100,90,NONE
2026-06-28 20:08:11.416824,VIN-100438,2100,90,NONE
2026-06-28 20:08:11.416925,VIN-100439,2100,90,NONE
2026-06-28 20:08:11.417478,VIN-100440,2100,90,NONE
2026-06-28 20:08:11.417689,VIN-100441,2100,90,NONE
2026-06-28 20:08:11.417765,VIN-100442,2100,90,NONE
2026-06-28 20:08:11.417848,VIN-100443,2100,90,NONE
2026-06-28 20:08:11.417890,VIN-100444,2100,90,NONE
2026-06-28 20:08:11.418321,VIN-100445,2100,90,NONE
2026-06-28 20:08:11.418450,VIN-100446,2100,90,NONE
2026-06-28 20:08:11.418492,VIN-100447,2100,90,NONE
2026-06-28 20:08:11.418579,VIN-100448,2100,90,NONE
2026-06-28 20:08:11.418693,VIN-100449,2100,90,NONE
2026-06-28 20:08:11.418768,VIN-100450,2100,90,P0300
2026-06-28 20:08:11.418911,VIN-100451,2100,90,NONE
2026-06-28 20:08:11.419534,VIN-100452,2100,90,NONE
2026-06-28 20:08:11.419551,VIN-100453,2100,90,NONE
2026-06-28 20:08:11.419558,VIN-100454,2100,90,NONE
2026-06-28 20:08:11.419565,VIN-100455,2100,90,NONE
2026-06-28 20:08:11.419572,VIN-100456,2100,90,NONE
2026-06-28 20:08:11.419579,VIN-100457,2100,90,NONE
2026-06-28 20:08:11.419586,VIN-100458,2100,90,NONE
2026-06-28 20:08:11.419593,VIN-100459,2100,90,NONE
2026-06-28 20:08:11.419600,VIN-100460,2100,90,NONE
2026-06-28 20:08:11.419607,VIN-100461,2100,90,NONE
2026-06-28 20:08:11.419613,VIN-100462,2100,90,NONE
2026-06-28 20:08:11.419620,VIN-100463,2100,90,NONE
2026-06-28 20:08:11.419627,VIN-100464,2100,90,NONE
2026-06-28 20:08:11.419634,VIN-100465,2100,90,NONE
2026-06-28 20:08:11.419641,VIN-100466,2100,90,NONE
2026-06-28 20:08:11.419648,VIN-100467,2100,90,NONE
2026-06-28 20:08:11.419655,VIN-100468,2100,90,NONE
2026-06-28 20:08:11.419662,VIN-100469,2100,90,NONE
2026-06-28 20:08:11.419880,VIN-100470,2100,90,NONE
2026-06-28 20:08:11.420716,VIN-100471,2100,90,NONE
2026-06-28 20:08:11.420730,VIN-100472,2100,90,NONE
2026-06-28 20:08:11.420738,VIN-100473,2100,90,NONE
2026-06-28 20:08:11.420746,VIN-100474,2100,90,NONE
2026-06-28 20:08:11.420754,VIN-100475,2100,90,NONE
2026-06-28 20:08:11.420761,VIN-100476,2100,90,NONE
2026-06-28 20:08:11.420770,VIN-100477,2100,90,NONE
2026-06-28 20:08:11.420778,VIN-100478,2100,90,NONE
2026-06-28 20:08:11.420787,VIN-100479,2100,90,NONE
2026-06-28 20:08:11.420877,VIN-100480,2100,90,NONE
2026-06-28 20:08:11.420888,VIN-100481,2100,90,NONE
2026-06-28 20:08:11.420895,VIN-100482,2100,90,NONE
2026-06-28 20:08:11.420902,VIN-100483,2100,90,NONE
2026-06-28 20:08:11.420909,VIN-100484,2100,90,NONE
2026-06-28 20:08:11.420917,VIN-100485,2100,90,NONE
2026-06-28 20:08:11.420924,VIN-100486,2100,90,NONE
2026-06-28 20:08:11.420931,VIN-100487,2100,90,NONE
2026-06-28 20:08:11.420939,VIN-100488,2100,90,NONE
2026-06-28 20:08:11.420946,VIN-100489,2100,90,NONE
2026-06-28 20:08:11.420953,VIN-100490,2100,90,NONE
2026-06-28 20:08:11.420961,VIN-100491,2100,90,NONE
2026-06-28 20:08:11.420968,VIN-100492,2100,90,NONE
2026-06-28 20:08:11.420976,VIN-100493,2100,90,NONE
2026-06-28 20:08:11.420983,VIN-100494,2100,90,NONE
2026-06-28 20:08:11.420992,VIN-100495,2100,90,NONE
2026-06-28 20:08:11.420999,VIN-100496,2100,90,NONE
2026-06-28 20:08:11.421007,VIN-100497,2100,90,NONE
2026-06-28 20:08:11.421014,VIN-100498,2100,90,NONE
2026-06-28 20:08:11.421021,VIN-100499,2100,90,NONE
2026-06-28 20:08:11.421028,VIN-100500,2100,90,P0300
2026-06-28 20:08:11.421036,VIN-100501,2100,90,NONE
2026-06-28 20:08:11.421043,VIN-100502,2100,90,NONE
2026-06-28 20:08:11.421052,VIN-100503,2100,90,NONE
2026-06-28 20:08:11.421060,VIN-100504,2100,90,NONE
2026-06-28 20:08:11.421068,VIN-100505,2100,90,NONE
2026-06-28 20:08:11.421076,VIN-100506,2100,90,NONE
2026-06-28 20:08:11.421083,VIN-100507,2100,90,NONE
2026-06-28 20:08:11.421091,VIN-100508,2100,90,NONE
2026-06-28 20:08:11.421100,VIN-100509,2100,90,NONE
2026-06-28 20:08:11.421109,VIN-100510,2100,90,NONE
2026-06-28 20:08:11.421117,VIN-100511,2100,90,NONE
2026-06-28 20:08:11.421125,VIN-100512,2100,90,NONE
2026-06-28 20:08:11.421132,VIN-100513,2100,90,NONE
2026-06-28 20:08:11.421139,VIN-100514,2100,90,NONE
2026-06-28 20:08:11.421146,VIN-100515,2100,90,NONE
2026-06-28 20:08:11.421154,VIN-100516,2100,90,NONE
2026-06-28 20:08:11.421161,VIN-100517,2100,90,NONE
2026-06-28 20:08:11.421169,VIN-100518,2100,90,NONE
2026-06-28 20:08:11.421177,VIN-100519,2100,90,NONE
2026-06-28 20:08:11.421184,VIN-100520,2100,90,NONE
2026-06-28 20:08:11.421192,VIN-100521,2100,90,NONE
2026-06-28 20:08:11.421201,VIN-100522,2100,90,NONE
2026-06-28 20:08:11.421209,VIN-100523,2100,90,NONE
2026-06-28 20:08:11.421217,VIN-100524,2100,90,NONE
2026-06-28 20:08:11.421225,VIN-100525,2100,90,P0171
2026-06-28 20:08:11.421232,VIN-100526,2100,90,NONE
2026-06-28 20:08:11.421239,VIN-100527,2100,90,NONE
2026-06-28 20:08:11.421246,VIN-100528,2100,90,NONE
2026-06-28 20:08:11.421254,VIN-100529,2100,90,NONE
2026-06-28 20:08:11.421261,VIN-100530,2100,90,NONE
2026-06-28 20:08:11.421269,VIN-100531,2100,90,NONE
2026-06-28 20:08:11.421277,VIN-100532,2100,90,NONE
2026-06-28 20:08:11.421285,VIN-100533,2100,90,NONE
2026-06-28 20:08:11.421293,VIN-100534,2100,90,NONE
2026-06-28 20:08:11.421300,VIN-100535,2100,90,NONE
2026-06-28 20:08:11.421308,VIN-100536,2100,90,NONE
2026-06-28 20:08:11.421316,VIN-100537,2100,90,NONE
2026-06-28 20:08:11.421324,VIN-100538,2100,90,NONE
2026-06-28 20:08:11.421331,VIN-100539,2100,90,NONE
2026-06-28 20:08:11.421339,VIN-100540,2100,90,NONE
2026-06-28 20:08:11.421347,VIN-100541,2100,90,NONE
2026-06-28 20:08:11.421354,VIN-100542,2100,90,NONE
2026-06-28 20:08:11.421362,VIN-100543,2100,90,NONE
2026-06-28 20:08:11.421369,VIN-100544,2100,90,NONE
2026-06-28 20:08:11.421376,VIN-100545,2100,90,NONE
2026-06-28 20:08:11.421383,VIN-100546,2100,90,NONE
2026-06-28 20:08:11.421391,VIN-100547,2100,90,NONE
2026-06-28 20:08:11.421399,VIN-100548,2100,90,NONE
2026-06-28 20:08:11.421407,VIN-100549,2100,90,NONE
2026-06-28 20:08:11.421414,VIN-100550,2100,90,P0300
2026-06-28 20:08:11.421422,VIN-100551,2100,90,NONE
2026-06-28 20:08:11.421429,VIN-100552,2100,90,NONE
2026-06-28 20:08:11.421437,VIN-100553,2100,90,NONE
2026-06-28 20:08:11.421445,VIN-100554,2100,90,NONE
2026-06-28 20:08:11.421452,VIN-100555,2100,90,NONE
2026-06-28 20:08:11.421460,VIN-100556,2100,90,NONE
2026-06-28 20:08:11.421467,VIN-100557,2100,90,NONE
2026-06-28 20:08:11.421476,VIN-100558,2100,90,NONE
2026-06-28 20:08:11.421484,VIN-100559,2100,90,NONE
2026-06-28 20:08:11.421492,VIN-100560,2100,90,NONE
2026-06-28 20:08:11.421501,VIN-100561,2100,90,NONE
2026-06-28 20:08:11.421509,VIN-100562,2100,90,NONE
2026-06-28 20:08:11.421517,VIN-100563,2100,90,NONE
2026-06-28 20:08:11.421525,VIN-100564,2100,90,NONE
2026-06-28 20:08:11.421534,VIN-100565,2100,90,NONE
2026-06-28 20:08:11.421541,VIN-100566,2100,90,NONE
2026-06-28 20:08:11.421549,VIN-100567,2100,90,NONE
2026-06-28 20:08:11.421556,VIN-100568,2100,90,NONE
2026-06-28 20:08:11.421563,VIN-100569,2100,90,NONE
2026-06-28 20:08:11.421571,VIN-100570,2100,90,NONE
2026-06-28 20:08:11.421578,VIN-100571,2100,90,NONE
2026-06-28 20:08:11.421586,VIN-100572,2100,90,NONE
2026-06-28 20:08:11.421595,VIN-100573,2100,90,NONE
2026-06-28 20:08:11.421603,VIN-100574,2100,90,NONE
2026-06-28 20:08:11.421610,VIN-100575,2100,90,NONE
2026-06-28 20:08:11.421618,VIN-100576,2100,90,NONE
2026-06-28 20:08:11.421626,VIN-100577,2100,90,NONE
2026-06-28 20:08:11.421634,VIN-100578,2100,90,NONE
2026-06-28 20:08:11.421642,VIN-100579,2100,90,NONE
2026-06-28 20:08:11.421650,VIN-100580,2100,90,NONE
2026-06-28 20:08:11.421658,VIN-100581,2100,90,NONE
2026-06-28 20:08:11.421665,VIN-100582,2100,90,NONE
2026-06-28 20:08:11.421672,VIN-100583,2100,90,NONE
2026-06-28 20:08:11.421680,VIN-100584,2100,90,NONE
2026-06-28 20:08:11.421688,VIN-100585,2100,90,NONE
2026-06-28 20:08:11.421696,VIN-100586,2100,90,NONE
2026-06-28 20:08:11.421704,VIN-100587,2100,90,NONE
2026-06-28 20:08:11.421712,VIN-100588,2100,90,NONE
2026-06-28 20:08:11.421720,VIN-100589,2100,90,NONE
2026-06-28 20:08:11.421728,VIN-100590,2100,90,NONE
2026-06-28 20:08:11.421737,VIN-100591,2100,90,NONE
2026-06-28 20:08:11.421745,VIN-100592,2100,90,NONE
2026-06-28 20:08:11.421753,VIN-100593,2100,90,NONE
2026-06-28 20:08:11.421761,VIN-100594,2100,90,NONE
2026-06-28 20:08:11.421768,VIN-100595,2100,90,NONE
2026-06-28 20:08:11.421776,VIN-100596,2100,90,NONE
2026-06-28 20:08:11.421783,VIN-100597,2100,90,NONE
2026-06-28 20:08:11.421791,VIN-100598,2100,90,NONE
2026-06-28 20:08:11.421799,VIN-100599,2100,90,NONE
2026-06-28 20:08:11.421807,VIN-100600,2100,90,P0300
2026-06-28 20:08:11.421816,VIN-100601,2100,90,NONE
2026-06-28 20:08:11.421824,VIN-100602,2100,90,NONE
2026-06-28 20:08:11.421833,VIN-100603,2100,90,NONE
2026-06-28 20:08:11.421841,VIN-100604,2100,90,NONE
2026-06-28 20:08:11.421849,VIN-100605,2100,90,NONE
2026-06-28 20:08:11.421858,VIN-100606,2100,90,NONE
2026-06-28 20:08:11.421866,VIN-100607,2100,90,NONE
2026-06-28 20:08:11.421874,VIN-100608,2100,90,NONE
2026-06-28 20:08:11.421882,VIN-100609,2100,90,NONE
2026-06-28 20:08:11.421890,VIN-100610,2100,90,NONE
2026-06-28 20:08:11.421897,VIN-100611,2100,90,NONE
2026-06-28 20:08:11.421905,VIN-100612,2100,90,NONE
2026-06-28 20:08:11.421913,VIN-100613,2100,90,NONE
2026-06-28 20:08:11.421922,VIN-100614,2100,90,NONE
2026-06-28 20:08:11.421930,VIN-100615,2100,90,NONE
2026-06-28 20:08:11.421938,VIN-100616,2100,90,NONE
2026-06-28 20:08:11.421947,VIN-100617,2100,90,NONE
2026-06-28 20:08:11.421955,VIN-100618,2100,90,NONE
2026-06-28 20:08:11.422081,VIN-100619,2100,90,NONE
2026-06-28 20:08:11.422101,VIN-100620,2100,90,NONE
2026-06-28 20:08:11.422110,VIN-100621,2100,90,NONE
2026-06-28 20:08:11.422118,VIN-100622,2100,90,NONE
2026-06-28 20:08:11.422126,VIN-100623,2100,90,NONE
2026-06-28 20:08:11.422135,VIN-100624,2100,90,NONE
2026-06-28 20:08:11.422143,VIN-100625,2100,90,NONE
2026-06-28 20:08:11.422151,VIN-100626,2100,90,NONE
2026-06-28 20:08:11.422159,VIN-100627,2100,90,NONE
2026-06-28 20:08:11.422167,VIN-100628,2100,90,NONE
2026-06-28 20:08:11.422175,VIN-100629,2100,90,NONE
2026-06-28 20:08:11.422183,VIN-100630,2100,90,NONE
2026-06-28 20:08:11.422191,VIN-100631,2100,90,NONE
2026-06-28 20:08:11.422199,VIN-100632,2100,90,NONE
2026-06-28 20:08:11.422207,VIN-100633,2100,90,NONE
2026-06-28 20:08:11.422215,VIN-100634,2100,90,NONE
2026-06-28 20:08:11.422223,VIN-100635,2100,90,NONE
2026-06-28 20:08:11.422232,VIN-100636,2100,90,NONE
2026-06-28 20:08:11.422240,VIN-100637,2100,90,NONE
2026-06-28 20:08:11.422248,VIN-100638,2100,90,NONE
2026-06-28 20:08:11.422256,VIN-100639,2100,90,NONE
2026-06-28 20:08:11.422264,VIN-100640,2100,90,NONE
2026-06-28 20:08:11.422272,VIN-100641,2100,90,NONE
2026-06-28 20:08:11.422281,VIN-100642,2100,90,NONE
2026-06-28 20:08:11.422290,VIN-100643,2100,90,NONE
2026-06-28 20:08:11.422299,VIN-100644,2100,90,NONE
2026-06-28 20:08:11.422307,VIN-100645,2100,90,NONE
2026-06-28 20:08:11.422316,VIN-100646,2100,90,NONE
2026-06-28 20:08:11.422324,VIN-100647,2100,90,NONE
2026-06-28 20:08:11.422333,VIN-100648,2100,90,NONE
2026-06-28 20:08:11.422341,VIN-100649,2100,90,NONE
2026-06-28 20:08:11.422349,VIN-100650,2100,90,P0300
2026-06-28 20:08:11.422358,VIN-100651,2100,90,NONE
2026-06-28 20:08:11.422366,VIN-100652,2100,90,NONE
2026-06-28 20:08:11.422374,VIN-100653,2100,90,NONE
2026-06-28 20:08:11.422383,VIN-100654,2100,90,NONE
2026-06-28 20:08:11.422391,VIN-100655,2100,90,NONE
2026-06-28 20:08:11.422452,VIN-100656,2100,90,NONE
2026-06-28 20:08:11.422462,VIN-100657,2100,90,NONE
2026-06-28 20:08:11.422466,VIN-100658,2100,90,NONE
2026-06-28 20:08:11.422471,VIN-100659,2100,90,NONE
2026-06-28 20:08:11.422475,VIN-100660,2100,90,NONE
2026-06-28 20:08:11.422480,VIN-100661,2100,90,NONE
2026-06-28 20:08:11.422507,VIN-100662,2100,90,NONE
2026-06-28 20:08:11.422526,VIN-100663,2100,90,NONE
2026-06-28 20:08:11.422535,VIN-100664,2100,90,NONE
2026-06-28 20:08:11.422544,VIN-100665,2100,90,NONE
2026-06-28 20:08:11.422552,VIN-100666,2100,90,NONE
2026-06-28 20:08:11.422561,VIN-100667,2100,90,NONE
2026-06-28 20:08:11.422569,VIN-100668,2100,90,NONE
2026-06-28 20:08:11.422577,VIN-100669,2100,90,NONE
2026-06-28 20:08:11.422586,VIN-100670,2100,90,NONE
2026-06-28 20:08:11.422594,VIN-100671,2100,90,NONE
2026-06-28 20:08:11.422603,VIN-100672,2100,90,NONE
2026-06-28 20:08:11.422612,VIN-100673,2100,90,NONE
2026-06-28 20:08:11.422620,VIN-100674,2100,90,NONE
2026-06-28 20:08:11.422628,VIN-100675,2100,90,P0171
2026-06-28 20:08:11.422636,VIN-100676,2100,90,NONE
2026-06-28 20:08:11.422645,VIN-100677,2100,90,NONE
2026-06-28 20:08:11.422654,VIN-100678,2100,90,NONE
2026-06-28 20:08:11.422662,VIN-100679,2100,90,NONE
2026-06-28 20:08:11.422670,VIN-100680,2100,90,NONE
2026-06-28 20:08:11.422679,VIN-100681,2100,90,NONE
2026-06-28 20:08:11.422687,VIN-100682,2100,90,NONE
2026-06-28 20:08:11.422696,VIN-100683,2100,90,NONE
2026-06-28 20:08:11.422705,VIN-100684,2100,90,NONE
2026-06-28 20:08:11.422714,VIN-100685,2100,90,NONE
2026-06-28 20:08:11.422722,VIN-100686,2100,90,NONE
2026-06-28 20:08:11.422730,VIN-100687,2100,90,NONE
2026-06-28 20:08:11.422738,VIN-100688,2100,90,NONE
2026-06-28 20:08:11.422746,VIN-100689,2100,90,NONE
2026-06-28 20:08:11.422755,VIN-100690,2100,90,NONE
2026-06-28 20:08:11.422763,VIN-100691,2100,90,NONE
2026-06-28 20:08:11.422772,VIN-100692,2100,90,NONE
2026-06-28 20:08:11.422781,VIN-100693,2100,90,NONE
2026-06-28 20:08:11.422790,VIN-100694,2100,90,NONE
2026-06-28 20:08:11.422799,VIN-100695,2100,90,NONE
2026-06-28 20:08:11.422868,VIN-100696,2100,90,NONE
2026-06-28 20:08:11.422880,VIN-100697,2100,90,NONE
2026-06-28 20:08:11.422885,VIN-100698,2100,90,NONE
2026-06-28 20:08:11.422890,VIN-100699,2100,90,NONE
2026-06-28 20:08:11.422895,VIN-100700,2100,90,P0300
2026-06-28 20:08:11.422899,VIN-100701,2100,90,NONE
2026-06-28 20:08:11.422904,VIN-100702,2100,90,NONE
2026-06-28 20:08:11.422909,VIN-100703,2100,90,NONE
2026-06-28 20:08:11.422913,VIN-100704,2100,90,NONE
2026-06-28 20:08:11.422918,VIN-100705,2100,90,NONE
2026-06-28 20:08:11.422923,VIN-100706,2100,90,NONE
2026-06-28 20:08:11.422928,VIN-100707,2100,90,NONE
2026-06-28 20:08:11.422932,VIN-100708,2100,90,NONE
2026-06-28 20:08:11.422937,VIN-100709,2100,90,NONE
2026-06-28 20:08:11.422942,VIN-100710,2100,90,NONE
2026-06-28 20:08:11.422946,VIN-100711,2100,90,NONE
2026-06-28 20:08:11.422951,VIN-100712,2100,90,NONE
2026-06-28 20:08:11.422955,VIN-100713,2100,90,NONE
2026-06-28 20:08:11.422960,VIN-100714,2100,90,NONE
2026-06-28 20:08:11.422965,VIN-100715,2100,90,NONE
2026-06-28 20:08:11.422969,VIN-100716,2100,90,NONE
2026-06-28 20:08:11.422985,VIN-100717,2100,90,NONE
2026-06-28 20:08:11.422994,VIN-100718,2100,90,NONE
2026-06-28 20:08:11.423012,VIN-100719,2100,90,NONE
2026-06-28 20:08:11.423019,VIN-100720,2100,90,NONE
2026-06-28 20:08:11.423024,VIN-100721,2100,90,NONE
2026-06-28 20:08:11.423029,VIN-100722,2100,90,NONE
2026-06-28 20:08:11.423034,VIN-100723,2100,90,NONE
2026-06-28 20:08:11.423039,VIN-100724,2100,90,NONE
2026-06-28 20:08:11.423045,VIN-100725,2100,90,NONE
2026-06-28 20:08:11.423050,VIN-100726,2100,90,NONE
2026-06-28 20:08:11.423054,VIN-100727,2100,90,NONE
2026-06-28 20:08:11.423059,VIN-100728,2100,90,NONE
2026-06-28 20:08:11.423064,VIN-100729,2100,90,NONE
2026-06-28 20:08:11.423069,VIN-100730,2100,90,NONE
2026-06-28 20:08:11.423073,VIN-100731,2100,90,NONE
2026-06-28 20:08:11.423078,VIN-100732,2100,90,NONE
2026-06-28 20:08:11.423083,VIN-100733,2100,90,NONE
2026-06-28 20:08:11.423088,VIN-100734,2100,90,NONE
2026-06-28 20:08:11.423093,VIN-100735,2100,90,NONE
2026-06-28 20:08:11.423097,VIN-100736,2100,90,NONE
2026-06-28 20:08:11.423102,VIN-100737,2100,90,NONE
2026-06-28 20:08:11.423107,VIN-100738,2100,90,NONE
2026-06-28 20:08:11.423111,VIN-100739,2100,90,NONE
2026-06-28 20:08:11.423116,VIN-100740,2100,90,NONE
2026-06-28 20:08:11.423121,VIN-100741,2100,90,NONE
2026-06-28 20:08:11.423125,VIN-100742,2100,90,NONE
2026-06-28 20:08:11.423130,VIN-100743,2100,90,NONE
2026-06-28 20:08:11.423135,VIN-100744,2100,90,NONE
2026-06-28 20:08:11.423139,VIN-100745,2100,90,NONE
2026-06-28 20:08:11.423144,VIN-100746,2100,90,NONE
2026-06-28 20:08:11.423149,VIN-100747,2100,90,NONE
2026-06-28 20:08:11.423153,VIN-100748,2100,90,NONE
2026-06-28 20:08:11.423159,VIN-100749,2100,90,NONE
2026-06-28 20:08:11.423165,VIN-100750,2100,90,P0300
2026-06-28 20:08:11.423170,VIN-100751,2100,90,NONE
2026-06-28 20:08:11.423174,VIN-100752,2100,90,NONE
2026-06-28 20:08:11.423179,VIN-100753,2100,90,NONE
2026-06-28 20:08:11.423184,VIN-100754,2100,90,NONE
2026-06-28 20:08:11.423189,VIN-100755,2100,90,NONE
2026-06-28 20:08:11.423193,VIN-100756,2100,90,NONE
2026-06-28 20:08:11.423198,VIN-100757,2100,90,NONE
2026-06-28 20:08:11.423203,VIN-100758,2100,90,NONE
2026-06-28 20:08:11.423208,VIN-100759,2100,90,NONE
2026-06-28 20:08:11.423212,VIN-100760,2100,90,NONE
2026-06-28 20:08:11.423217,VIN-100761,2100,90,NONE
2026-06-28 20:08:11.423223,VIN-100762,2100,90,NONE
2026-06-28 20:08:11.423228,VIN-100763,2100,90,NONE
2026-06-28 20:08:11.423233,VIN-100764,2100,90,NONE
2026-06-28 20:08:11.423238,VIN-100765,2100,90,NONE
2026-06-28 20:08:11.423245,VIN-100766,2100,90,NONE
2026-06-28 20:08:11.423253,VIN-100767,2100,90,NONE
2026-06-28 20:08:11.423258,VIN-100768,2100,90,NONE
2026-06-28 20:08:11.423263,VIN-100769,2100,90,NONE
2026-06-28 20:08:11.423268,VIN-100770,2100,90,NONE
2026-06-28 20:08:11.423272,VIN-100771,2100,90,NONE
2026-06-28 20:08:11.423277,VIN-100772,2100,90,NONE
2026-06-28 20:08:11.423282,VIN-100773,2100,90,NONE
2026-06-28 20:08:11.423287,VIN-100774,2100,90,NONE
2026-06-28 20:08:11.423292,VIN-100775,2100,90,NONE
2026-06-28 20:08:11.423297,VIN-100776,2100,90,NONE
2026-06-28 20:08:11.423301,VIN-100777,2100,90,NONE
2026-06-28 20:08:11.423306,VIN-100778,2100,90,NONE
2026-06-28 20:08:11.423311,VIN-100779,2100,90,NONE
2026-06-28 20:08:11.423316,VIN-100780,2100,90,NONE
2026-06-28 20:08:11.423321,VIN-100781,2100,90,NONE
2026-06-28 20:08:11.423326,VIN-100782,2100,90,NONE
2026-06-28 20:08:11.423330,VIN-100783,2100,90,NONE
2026-06-28 20:08:11.423335,VIN-100784,2100,90,NONE
2026-06-28 20:08:11.423340,VIN-100785,2100,90,NONE
2026-06-28 20:08:11.423345,VIN-100786,2100,90,NONE
2026-06-28 20:08:11.423350,VIN-100787,2100,90,NONE
2026-06-28 20:08:11.423355,VIN-100788,2100,90,NONE
2026-06-28 20:08:11.423360,VIN-100789,2100,90,NONE
2026-06-28 20:08:11.423364,VIN-100790,2100,90,NONE
2026-06-28 20:08:11.423370,VIN-100791,2100,90,NONE
2026-06-28 20:08:11.423375,VIN-100792,2100,90,NONE
2026-06-28 20:08:11.423380,VIN-100793,2100,90,NONE
2026-06-28 20:08:11.423385,VIN-100794,2100,90,NONE
2026-06-28 20:08:11.423390,VIN-100795,2100,90,NONE
2026-06-28 20:08:11.423395,VIN-100796,2100,90,NONE
2026-06-28 20:08:11.423400,VIN-100797,2100,90,NONE
2026-06-28 20:08:11.423404,VIN-100798,2100,90,NONE
2026-06-28 20:08:11.423409,VIN-100799,2100,90,NONE
2026-06-28 20:08:11.423414,VIN-100800,2100,90,P0300
2026-06-28 20:08:11.423419,VIN-100801,2100,90,NONE
2026-06-28 20:08:11.423424,VIN-100802,2100,90,NONE
2026-06-28 20:08:11.423429,VIN-100803,2100,90,NONE
2026-06-28 20:08:11.423434,VIN-100804,2100,90,NONE
2026-06-28 20:08:11.423440,VIN-100805,2100,90,NONE
2026-06-28 20:08:11.423446,VIN-100806,2100,90,NONE
2026-06-28 20:08:11.423451,VIN-100807,2100,90,NONE
2026-06-28 20:08:11.423456,VIN-100808,2100,90,NONE
2026-06-28 20:08:11.423461,VIN-100809,2100,90,NONE
2026-06-28 20:08:11.423466,VIN-100810,2100,90,NONE
2026-06-28 20:08:11.423471,VIN-100811,2100,90,NONE
2026-06-28 20:08:11.423477,VIN-100812,2100,90,NONE
2026-06-28 20:08:11.423483,VIN-100813,2100,90,NONE
2026-06-28 20:08:11.423488,VIN-100814,2100,90,NONE
2026-06-28 20:08:11.423493,VIN-100815,2100,90,NONE
2026-06-28 20:08:11.423498,VIN-100816,2100,90,NONE
2026-06-28 20:08:11.423503,VIN-100817,2100,90,NONE
2026-06-28 20:08:11.423508,VIN-100818,2100,90,NONE
2026-06-28 20:08:11.423514,VIN-100819,2100,90,NONE
2026-06-28 20:08:11.423519,VIN-100820,2100,90,NONE
2026-06-28 20:08:11.423525,VIN-100821,2100,90,NONE
2026-06-28 20:08:11.423530,VIN-100822,2100,90,NONE
2026-06-28 20:08:11.423535,VIN-100823,2100,90,NONE
2026-06-28 20:08:11.423540,VIN-100824,2100,90,NONE
2026-06-28 20:08:11.423545,VIN-100825,2100,90,P0171
2026-06-28 20:08:11.423550,VIN-100826,2100,90,NONE
2026-06-28 20:08:11.423555,VIN-100827,2100,90,NONE
2026-06-28 20:08:11.423559,VIN-100828,2100,90,NONE
2026-06-28 20:08:11.423564,VIN-100829,2100,90,NONE
2026-06-28 20:08:11.423569,VIN-100830,2100,90,NONE
2026-06-28 20:08:11.423575,VIN-100831,2100,90,NONE
2026-06-28 20:08:11.423580,VIN-100832,2100,90,NONE
2026-06-28 20:08:11.423586,VIN-100833,2100,90,NONE
2026-06-28 20:08:11.423591,VIN-100834,2100,90,NONE
2026-06-28 20:08:11.423596,VIN-100835,2100,90,NONE
2026-06-28 20:08:11.423602,VIN-100836,2100,90,NONE
2026-06-28 20:08:11.423607,VIN-100837,2100,90,NONE
2026-06-28 20:08:11.423612,VIN-100838,2100,90,NONE
2026-06-28 20:08:11.423617,VIN-100839,2100,90,NONE
2026-06-28 20:08:11.423623,VIN-100840,2100,90,NONE
2026-06-28 20:08:11.423627,VIN-100841,2100,90,NONE
2026-06-28 20:08:11.423632,VIN-100842,2100,90,NONE
2026-06-28 20:08:11.423638,VIN-100843,2100,90,NONE
2026-06-28 20:08:11.423643,VIN-100844,2100,90,NONE
2026-06-28 20:08:11.423648,VIN-100845,2100,90,NONE
2026-06-28 20:08:11.423653,VIN-100846,2100,90,NONE
2026-06-28 20:08:11.423658,VIN-100847,2100,90,NONE
2026-06-28 20:08:11.423663,VIN-100848,2100,90,NONE
2026-06-28 20:08:11.423668,VIN-100849,2100,90,NONE
2026-06-28 20:08:11.423673,VIN-100850,2100,90,P0300
2026-06-28 20:08:11.423678,VIN-100851,2100,90,NONE
2026-06-28 20:08:11.423683,VIN-100852,2100,90,NONE
2026-06-28 20:08:11.423689,VIN-100853,2100,90,NONE
2026-06-28 20:08:11.423695,VIN-100854,2100,90,NONE
2026-06-28 20:08:11.423700,VIN-100855,2100,90,NONE
2026-06-28 20:08:11.423705,VIN-100856,2100,90,NONE
2026-06-28 20:08:11.423710,VIN-100857,2100,90,NONE
2026-06-28 20:08:11.423716,VIN-100858,2100,90,NONE
2026-06-28 20:08:11.423721,VIN-100859,2100,90,NONE
2026-06-28 20:08:11.423727,VIN-100860,2100,90,NONE
2026-06-28 20:08:11.423732,VIN-100861,2100,90,NONE
2026-06-28 20:08:11.423737,VIN-100862,2100,90,NONE
2026-06-28 20:08:11.423742,VIN-100863,2100,90,NONE
2026-06-28 20:08:11.423747,VIN-100864,2100,90,NONE
2026-06-28 20:08:11.423752,VIN-100865,2100,90,NONE
2026-06-28 20:08:11.423757,VIN-100866,2100,90,NONE
2026-06-28 20:08:11.423762,VIN-100867,2100,90,NONE
2026-06-28 20:08:11.423767,VIN-100868,2100,90,NONE
2026-06-28 20:08:11.423772,VIN-100869,2100,90,NONE
2026-06-28 20:08:11.423777,VIN-100870,2100,90,NONE
2026-06-28 20:08:11.423783,VIN-100871,2100,90,NONE
2026-06-28 20:08:11.423789,VIN-100872,2100,90,NONE
2026-06-28 20:08:11.423794,VIN-100873,2100,90,NONE
2026-06-28 20:08:11.423800,VIN-100874,2100,90,NONE
2026-06-28 20:08:11.423805,VIN-100875,2100,90,NONE
2026-06-28 20:08:11.423810,VIN-100876,2100,90,NONE
2026-06-28 20:08:11.423815,VIN-100877,2100,90,NONE
2026-06-28 20:08:11.423820,VIN-100878,2100,90,NONE
2026-06-28 20:08:11.423825,VIN-100879,2100,90,NONE
2026-06-28 20:08:11.423831,VIN-100880,2100,90,NONE
2026-06-28 20:08:11.423836,VIN-100881,2100,90,NONE
2026-06-28 20:08:11.423843,VIN-100882,2100,90,NONE
2026-06-28 20:08:11.423848,VIN-100883,2100,90,NONE
2026-06-28 20:08:11.423854,VIN-100884,2100,90,NONE
2026-06-28 20:08:11.423859,VIN-100885,2100,90,NONE
2026-06-28 20:08:11.423865,VIN-100886,2100,90,NONE
2026-06-28 20:08:11.423873,VIN-100887,2100,90,NONE
2026-06-28 20:08:11.423878,VIN-100888,2100,90,NONE
2026-06-28 20:08:11.423883,VIN-100889,2100,90,NONE
2026-06-28 20:08:11.423889,VIN-100890,2100,90,NONE
2026-06-28 20:08:11.423894,VIN-100891,2100,90,NONE
2026-06-28 20:08:11.423899,VIN-100892,2100,90,NONE
2026-06-28 20:08:11.423905,VIN-100893,2100,90,NONE
2026-06-28 20:08:11.423911,VIN-100894,2100,90,NONE
2026-06-28 20:08:11.423916,VIN-100895,2100,90,NONE
2026-06-28 20:08:11.423922,VIN-100896,2100,90,NONE
2026-06-28 20:08:11.423927,VIN-100897,2100,90,NONE
2026-06-28 20:08:11.423933,VIN-100898,2100,90,NONE
2026-06-28 20:08:11.423940,VIN-100899,2100,90,NONE
2026-06-28 20:08:11.423946,VIN-100900,2100,90,P0300
2026-06-28 20:08:11.423953,VIN-100901,2100,90,NONE
2026-06-28 20:08:11.423959,VIN-100902,2100,90,NONE
2026-06-28 20:08:11.423965,VIN-100903,2100,90,NONE
2026-06-28 20:08:11.423970,VIN-100904,2100,90,NONE
2026-06-28 20:08:11.423975,VIN-100905,2100,90,NONE
2026-06-28 20:08:11.423980,VIN-100906,2100,90,NONE
2026-06-28 20:08:11.423986,VIN-100907,2100,90,NONE
2026-06-28 20:08:11.423991,VIN-100908,2100,90,NONE
2026-06-28 20:08:11.423997,VIN-100909,2100,90,NONE
2026-06-28 20:08:11.424007,VIN-100910,2100,90,NONE
2026-06-28 20:08:11.424070,VIN-100911,2100,90,NONE
2026-06-28 20:08:11.424078,VIN-100912,2100,90,NONE
2026-06-28 20:08:11.424084,VIN-100913,2100,90,NONE
2026-06-28 20:08:11.424091,VIN-100914,2100,90,NONE
2026-06-28 20:08:11.424096,VIN-100915,2100,90,NONE
2026-06-28 20:08:11.424102,VIN-100916,2100,90,NONE
2026-06-28 20:08:11.424107,VIN-100917,2100,90,NONE
2026-06-28 20:08:11.424113,VIN-100918,2100,90,NONE
2026-06-28 20:08:11.424118,VIN-100919,2100,90,NONE
2026-06-28 20:08:11.424124,VIN-100920,2100,90,NONE
2026-06-28 20:08:11.424129,VIN-100921,2100,90,NONE
2026-06-28 20:08:11.424135,VIN-100922,2100,90,NONE
2026-06-28 20:08:11.424140,VIN-100923,2100,90,NONE
2026-06-28 20:08:11.424146,VIN-100924,2100,90,NONE
2026-06-28 20:08:11.424151,VIN-100925,2100,90,NONE
2026-06-28 20:08:11.424156,VIN-100926,2100,90,NONE
2026-06-28 20:08:11.424162,VIN-100927,2100,90,NONE
2026-06-28 20:08:11.424167,VIN-100928,2100,90,NONE
2026-06-28 20:08:11.424172,VIN-100929,2100,90,NONE
2026-06-28 20:08:11.424178,VIN-100930,2100,90,NONE
2026-06-28 20:08:11.424183,VIN-100931,2100,90,NONE
2026-06-28 20:08:11.424190,VIN-100932,2100,90,NONE
2026-06-28 20:08:11.424196,VIN-100933,2100,90,NONE
2026-06-28 20:08:11.424201,VIN-100934,2100,90,NONE
2026-06-28 20:08:11.424206,VIN-100935,2100,90,NONE
2026-06-28 20:08:11.424212,VIN-100936,2100,90,NONE
2026-06-28 20:08:11.424218,VIN-100937,2100,90,NONE
2026-06-28 20:08:11.424223,VIN-100938,2100,90,NONE
2026-06-28 20:08:11.424229,VIN-100939,2100,90,NONE
2026-06-28 20:08:11.424234,VIN-100940,2100,90,NONE
2026-06-28 20:08:11.424240,VIN-100941,2100,90,NONE
2026-06-28 20:08:11.424245,VIN-100942,2100,90,NONE
2026-06-28 20:08:11.424250,VIN-100943,2100,90,NONE
2026-06-28 20:08:11.424256,VIN-100944,2100,90,NONE
2026-06-28 20:08:11.424261,VIN-100945,2100,90,NONE
2026-06-28 20:08:11.424268,VIN-100946,2100,90,NONE
2026-06-28 20:08:11.424273,VIN-100947,2100,90,NONE
2026-06-28 20:08:11.424279,VIN-100948,2100,90,NONE
2026-06-28 20:08:11.424284,VIN-100949,2100,90,NONE
2026-06-28 20:08:11.424290,VIN-100950,2100,90,P0300
2026-06-28 20:08:11.424295,VIN-100951,2100,90,NONE
2026-06-28 20:08:11.424301,VIN-100952,2100,90,NONE
2026-06-28 20:08:11.424306,VIN-100953,2100,90,NONE
2026-06-28 20:08:11.424312,VIN-100954,2100,90,NONE
2026-06-28 20:08:11.424318,VIN-100955,2100,90,NONE
2026-06-28 20:08:11.424323,VIN-100956,2100,90,NONE
2026-06-28 20:08:11.424329,VIN-100957,2100,90,NONE
2026-06-28 20:08:11.424334,VIN-100958,2100,90,NONE
2026-06-28 20:08:11.424341,VIN-100959,2100,90,NONE
2026-06-28 20:08:11.424346,VIN-100960,2100,90,NONE
2026-06-28 20:08:11.424353,VIN-100961,2100,90,NONE
2026-06-28 20:08:11.424359,VIN-100962,2100,90,NONE
2026-06-28 20:08:11.424365,VIN-100963,2100,90,NONE
2026-06-28 20:08:11.424371,VIN-100964,2100,90,NONE
2026-06-28 20:08:11.424378,VIN-100965,2100,90,NONE
2026-06-28 20:08:11.424383,VIN-100966,2100,90,NONE
2026-06-28 20:08:11.424390,VIN-100967,2100,90,NONE
2026-06-28 20:08:11.424397,VIN-100968,2100,90,NONE
2026-06-28 20:08:11.424402,VIN-100969,2100,90,NONE
2026-06-28 20:08:11.424408,VIN-100970,2100,90,NONE
2026-06-28 20:08:11.424414,VIN-100971,2100,90,NONE
2026-06-28 20:08:11.424420,VIN-100972,2100,90,NONE
2026-06-28 20:08:11.424426,VIN-100973,2100,90,NONE
2026-06-28 20:08:11.424431,VIN-100974,2100,90,NONE
2026-06-28 20:08:11.424437,VIN-100975,2100,90,P0171
2026-06-28 20:08:11.424443,VIN-100976,2100,90,NONE
2026-06-28 20:08:11.424448,VIN-100977,2100,90,NONE
2026-06-28 20:08:11.424453,VIN-100978,2100,90,NONE
2026-06-28 20:08:11.424459,VIN-100979,2100,90,NONE
2026-06-28 20:08:11.424465,VIN-100980,2100,90,NONE
2026-06-28 20:08:11.424472,VIN-100981,2100,90,NONE
2026-06-28 20:08:11.424477,VIN-100982,2100,90,NONE
2026-06-28 20:08:11.424483,VIN-100983,2100,90,NONE
2026-06-28 20:08:11.424489,VIN-100984,2100,90,NONE
2026-06-28 20:08:11.424494,VIN-100985,2100,90,NONE
2026-06-28 20:08:11.424500,VIN-100986,2100,90,NONE
2026-06-28 20:08:11.424505,VIN-100987,2100,90,NONE
2026-06-28 20:08:11.424511,VIN-100988,2100,90,NONE
2026-06-28 20:08:11.424517,VIN-100989,2100,90,NONE
2026-06-28 20:08:11.424522,VIN-100990,2100,90,NONE
2026-06-28 20:08:11.424528,VIN-100991,2100,90,NONE
2026-06-28 20:08:11.424533,VIN-100992,2100,90,NONE
2026-06-28 20:08:11.424539,VIN-100993,2100,90,NONE
2026-06-28 20:08:11.424544,VIN-100994,2100,90,NONE
2026-06-28 20:08:11.424550,VIN-100995,2100,90,NONE
2026-06-28 20:08:11.424555,VIN-100996,2100,90,NONE
2026-06-28 20:08:11.424561,VIN-100997,2100,90,NONE
2026-06-28 20:08:11.424566,VIN-100998,2100,90,NONE
2026-06-28 20:08:11.424572,VIN-100999,2100,90,NONE
2026-06-28 20:08:11.424577,VIN-101000,2100,90,P0300
